1764170420485 0.15409517288208008 0
1764170420587 0.07462215423583984 0
1764170420665 0.06900787353515625 0
1764170420754 0.07309198379516602 0
1764170420838 0.07211756706237793 0
1764170420917 0.06597542762756348 0
1764170421007 0.07096672058105469 0
1764170421087 0.0664529800415039 0
1764170421179 0.07427072525024414 0
1764170421265 0.07528996467590332 0
1764170421351 0.06867051124572754 0
1764170421433 0.0680994987487793 0
1764170421513 0.06572246551513672 0
1764170421608 0.0767819881439209 0
1764170421693 0.06993627548217773 0
1764170421779 0.0715630054473877 0
1764170421863 0.07119083404541016 0
1764170421954 0.07877731323242188 0
1764170422033 0.06475949287414551 0
1764170422118 0.06499338150024414 0
1764170422209 0.07527899742126465 0
1764170422293 0.07309818267822266 0
1764170422378 0.06959652900695801 0
1764170422466 0.06841635704040527 0
1764170422550 0.07517743110656738 0
1764170422633 0.06905865669250488 0
1764170422711 0.06175088882446289 0
1764170422805 0.07356047630310059 0
1764170422889 0.07033014297485352 0
1764170422973 0.06938719749450684 0
1764170423056 0.06664299964904785 0
1764170423142 0.06536674499511719 0
1764170423233 0.0707540512084961 0
1764170423311 0.0606689453125 0
1764170423407 0.072113037109375 0
1764170423490 0.07038497924804688 0
1764170423573 0.06809353828430176 0
1764170423656 0.06758761405944824 0
1764170423735 0.0655508041381836 0
1764170423827 0.06765484809875488 0
1764170423911 0.07037186622619629 0
1764170423998 0.06942605972290039 0
1764170424090 0.07614302635192871 0
1764170424175 0.07157254219055176 0
1764170424262 0.07206368446350098 0
1764170424350 0.07376503944396973 0
1764170424434 0.06976175308227539 0
1764170424511 0.06258988380432129 0
1764170424610 0.07579207420349121 0
1764170424692 0.0722494125366211 0
1764170424778 0.06729745864868164 0
1764170424869 0.07302999496459961 0
1764170424954 0.06693506240844727 0
1764170425039 0.07251429557800293 0
1764170425111 0.05629110336303711 0
1764170425209 0.07379436492919922 0
1764170425290 0.06674742698669434 0
1764170425367 0.06444072723388672 0
1764170425454 0.06928610801696777 0
1764170425535 0.06624364852905273 0
1764170425627 0.07294321060180664 0
1764170425711 0.07178282737731934 0
1764170425795 0.06946921348571777 0
1764170425884 0.07387113571166992 0
1764170425966 0.06706476211547852 0
1764170426056 0.07269835472106934 0
1764170426135 0.06350827217102051 0
1764170426228 0.07449555397033691 0
1764170426311 0.07275819778442383 0
1764170426396 0.07013988494873047 0
1764170426485 0.07238388061523438 0
1764170426566 0.0659630298614502 0
1764170426656 0.07751679420471191 0
1764170426742 0.07335710525512695 0
1764170426830 0.07638812065124512 0
1764170426912 0.06785917282104492 0
1764170427003 0.07185602188110352 0
1764170427087 0.0739591121673584 0
1764170427171 0.07006001472473145 0
1764170427263 0.07684874534606934 0
1764170427350 0.07236027717590332 0
1764170427437 0.07350873947143555 0
1764170427517 0.06483292579650879 0
1764170427608 0.07214570045471191 0
1764170427705 0.0847318172454834 0
1764170427792 0.08153796195983887 0
1764170427875 0.06822848320007324 0
1764170427959 0.06864738464355469 0
1764170428044 0.06929516792297363 0
1764170428131 0.07469797134399414 0
1764170428214 0.06534600257873535 0
1764170428301 0.06816411018371582 0
1764170428384 0.0736546516418457 0
1764170428469 0.07139778137207031 0
1764170428553 0.06810951232910156 0
1764170428638 0.07063412666320801 0
1764170428732 0.07195639610290527 0
1764170428813 0.06860756874084473 0
1764170428899 0.06872773170471191 0
1764170428985 0.07400369644165039 0
1764170429075 0.07329225540161133 0
1764170429161 0.07326340675354004 0
1764170429244 0.07145071029663086 0
1764170429336 0.07383894920349121 0
1764170429420 0.07062077522277832 0
1764170429511 0.07279634475708008 0
1764170429590 0.06387829780578613 0
1764170429674 0.06476020812988281 0
1764170429764 0.07222175598144531 0
1764170429844 0.06508779525756836 0
1764170429950 0.08485078811645508 0
1764170430051 0.08075928688049316 0
1764170430135 0.06992149353027344 0
1764170430220 0.06794905662536621 0
1764170430310 0.07212996482849121 0
1764170430404 0.07253456115722656 0
1764170430487 0.07390737533569336 0
1764170430576 0.07339715957641602 0
1764170430662 0.07230830192565918 0
1764170430747 0.07260799407958984 0
1764170430832 0.07045173645019531 0
1764170430916 0.0724954605102539 0
1764170431005 0.07183170318603516 0
1764170431092 0.07159614562988281 0
1764170431173 0.06673169136047363 0
1764170431256 0.06670379638671875 0
1764170431348 0.07210016250610352 0
1764170431437 0.0719139575958252 0
1764170431525 0.0717926025390625 0
1764170431613 0.07152748107910156 0
1764170431704 0.07474136352539062 0
1764170431790 0.07210254669189453 0
1764170431880 0.07073760032653809 0
1764170431965 0.07302737236022949 0
1764170432054 0.07646751403808594 0
1764170432146 0.07738637924194336 0
1764170432230 0.06881976127624512 0
1764170432318 0.0744938850402832 0
1764170432404 0.06992554664611816 0
1764170432488 0.07490706443786621 0
1764170432578 0.07368588447570801 0
1764170432668 0.07836675643920898 0
1764170432753 0.06996917724609375 0
1764170432844 0.07649374008178711 0
1764170432932 0.07529926300048828 0
1764170433018 0.07141518592834473 0
1764170433099 0.06367707252502441 0
1764170433190 0.07334065437316895 0
1764170433274 0.06909298896789551 0
1764170433361 0.06891012191772461 0
1764170433450 0.07283234596252441 0
1764170433535 0.07016515731811523 0
1764170433620 0.06874251365661621 0
1764170433710 0.07205319404602051 0
1764170433795 0.07088875770568848 0
1764170433887 0.07639074325561523 0
1764170433971 0.0709538459777832 0
1764170434056 0.07006716728210449 0
1764170434141 0.07245564460754395 0
1764170434229 0.06899046897888184 0
1764170434316 0.07020187377929688 0
1764170434408 0.07330513000488281 0
1764170434494 0.06813693046569824 0
1764170434585 0.0734405517578125 0
1764170434674 0.07258152961730957 0
1764170434766 0.07363033294677734 0
1764170434852 0.07104063034057617 0
1764170434928 0.06146407127380371 0
1764170435019 0.06947517395019531 0
1764170435098 0.06403851509094238 0
1764170435190 0.07335448265075684 0
1764170435275 0.06841111183166504 0
1764170435369 0.0770561695098877 0
1764170435456 0.07107138633728027 0
1764170435541 0.07281112670898438 0
1764170435633 0.07260680198669434 0
1764170435716 0.0724329948425293 0
1764170435803 0.06912922859191895 0
1764170435890 0.07070446014404297 0
1764170435977 0.07055425643920898 0
1764170436065 0.07503652572631836 0
1764170436152 0.0716700553894043 0
1764170436257 0.08821964263916016 0
1764170436341 0.06747055053710938 0
1764170436430 0.07037806510925293 0
1764170436517 0.07317733764648438 0
1764170436608 0.0742337703704834 0
1764170436692 0.07232069969177246 0
1764170436781 0.07290887832641602 0
1764170436868 0.07284355163574219 0
1764170436961 0.07240676879882812 0
1764170437049 0.07731437683105469 0
1764170437134 0.0707855224609375 0
1764170437220 0.06959390640258789 0
1764170437310 0.0712437629699707 0
1764170437399 0.07391500473022461 0
1764170437482 0.06813502311706543 0
1764170437569 0.07043337821960449 0
1764170437656 0.07105135917663574 0
1764170437741 0.07278990745544434 0
1764170437833 0.07319808006286621 0
1764170437916 0.07164454460144043 0
1764170438008 0.07411503791809082 0
1764170438098 0.07293820381164551 0
1764170438185 0.07018780708312988 0
1764170438271 0.07067656517028809 0
1764170438353 0.06702637672424316 0
1764170438437 0.06852555274963379 0
1764170438533 0.07685256004333496 0
1764170438619 0.07092523574829102 0
1764170438716 0.07771635055541992 0
1764170438803 0.07143163681030273 0
1764170438888 0.06906604766845703 0
1764170438977 0.07847166061401367 0
1764170439066 0.0763850212097168 0
1764170439153 0.07098722457885742 0
1764170439237 0.06874346733093262 0
1764170439322 0.06764912605285645 0
1764170439408 0.07404756546020508 0
1764170439492 0.07218790054321289 0
1764170439586 0.07333898544311523 0
1764170439668 0.07326912879943848 0
1764170439762 0.07179522514343262 0
1764170439844 0.06721639633178711 0
1764170439934 0.07169818878173828 0
1764170440029 0.0777597427368164 0
1764170440114 0.07063817977905273 0
1764170440203 0.07072067260742188 0
1764170440291 0.07796788215637207 0
1764170440373 0.06653857231140137 0
1764170440463 0.07357430458068848 0
1764170440549 0.07497620582580566 0
1764170440644 0.0767984390258789 0
1764170440764 0.10288739204406738 0
1764170440879 0.09352350234985352 0
1764170440969 0.07163238525390625 0
1764170441056 0.06974029541015625 0
1764170441140 0.06610846519470215 0
1764170441233 0.07283878326416016 0
1764170441316 0.06645727157592773 0
1764170441414 0.07894062995910645 0
1764170441505 0.07026791572570801 0
1764170441595 0.07933521270751953 0
1764170441679 0.06963038444519043 0
1764170441767 0.07510781288146973 0
1764170441854 0.07093954086303711 0
1764170441940 0.07280659675598145 0
1764170442025 0.07241249084472656 0
1764170442110 0.07335066795349121 0
1764170442195 0.0699458122253418 0
1764170442284 0.07286977767944336 0
1764170442369 0.07019281387329102 0
1764170442454 0.07058453559875488 0
1764170442535 0.06656861305236816 0
1764170442625 0.07258462905883789 0
1764170442711 0.07387804985046387 0
1764170442795 0.06900835037231445 0
1764170442874 0.06387519836425781 0
1764170442962 0.07015848159790039 0
1764170443044 0.06747937202453613 0
1764170443129 0.07143712043762207 0
1764170443220 0.07875943183898926 0
1764170443308 0.07258272171020508 0
1764170443395 0.07341146469116211 0
1764170443487 0.07314777374267578 0
1764170443577 0.07230091094970703 0
1764170443656 0.06700515747070312 0
1764170443747 0.07316207885742188 0
1764170443833 0.07536840438842773 0
1764170443914 0.06528592109680176 0
1764170444001 0.07127904891967773 0
1764170444088 0.07339215278625488 0
1764170444172 0.06818222999572754 0
1764170444256 0.06585240364074707 0
1764170444348 0.07481908798217773 0
1764170444439 0.07230353355407715 0
1764170444523 0.06980657577514648 0
1764170444608 0.0675954818725586 0
1764170444689 0.0694890022277832 0
1764170444777 0.07346630096435547 0
1764170444866 0.07748985290527344 0
1764170444947 0.06667137145996094 0
1764170445034 0.07508659362792969 0
1764170445116 0.06511116027832031 0
1764170445205 0.07087063789367676 0
1764170445292 0.07215571403503418 0
1764170445374 0.06756043434143066 0
1764170445455 0.06691431999206543 0
1764170445540 0.06682443618774414 0
1764170445630 0.07130861282348633 0
1764170445718 0.07134008407592773 0
1764170445807 0.07331562042236328 0
1764170445891 0.07250332832336426 0
1764170445984 0.07174420356750488 0
1764170446068 0.07367515563964844 0
1764170446160 0.07300281524658203 0
1764170446243 0.06748247146606445 0
1764170446325 0.06838583946228027 0
1764170446411 0.07084417343139648 0
1764170446498 0.06792783737182617 0
1764170446589 0.0705406665802002 0
1764170446675 0.0703270435333252 0
1764170446758 0.06668472290039062 0
1764170446843 0.07193231582641602 0
1764170446931 0.06939411163330078 0
1764170447021 0.07511520385742188 0
1764170447105 0.06768202781677246 0
1764170447189 0.07017803192138672 0
1764170447273 0.06579136848449707 0
1764170447358 0.06675577163696289 0
1764170447443 0.06605792045593262 0
1764170447531 0.06976604461669922 0
1764170447610 0.07035422325134277 0
1764170447691 0.06651949882507324 0
1764170447782 0.07035017013549805 0
1764170447867 0.07308793067932129 0
1764170447953 0.06812381744384766 0
1764170448038 0.06875491142272949 0
1764170448120 0.06794881820678711 0
1764170448208 0.0739889144897461 0
1764170448291 0.0664987564086914 0
1764170448381 0.06989192962646484 0
1764170448467 0.07146573066711426 0
1764170448549 0.06699609756469727 0
1764170448637 0.07027697563171387 0
1764170448725 0.06931471824645996 0
1764170448812 0.07224059104919434 0
1764170448903 0.06851434707641602 0
1764170448988 0.06761527061462402 0
1764170449068 0.06423711776733398 0
1764170449158 0.06849002838134766 0
1764170449243 0.06818747520446777 0
1764170449334 0.06869268417358398 0
1764170449421 0.06842827796936035 0
1764170449507 0.06924557685852051 0
1764170449589 0.06769776344299316 0
1764170449673 0.06957244873046875 0
1764170449758 0.06675004959106445 0
1764170449843 0.06790518760681152 0
1764170449934 0.06961941719055176 0
1764170450019 0.0670621395111084 0
1764170450107 0.07177996635437012 0
1764170450188 0.06581449508666992 0
1764170450273 0.0681922435760498 0
1764170450358 0.06769704818725586 0
1764170450443 0.06510663032531738 0
1764170450533 0.07832956314086914 0
1764170450622 0.07253289222717285 0
1764170450708 0.07189559936523438 0
1764170450789 0.0631875991821289 0
1764170450879 0.06855940818786621 0
1764170450966 0.07498693466186523 0
1764170451050 0.06728219985961914 0
1764170451133 0.06652975082397461 0
1764170451223 0.06990742683410645 0
1764170451309 0.07300543785095215 0
1764170451394 0.06945562362670898 0
1764170451488 0.07609057426452637 0
1764170451581 0.07544422149658203 0
1764170451661 0.06679749488830566 0
1764170451749 0.07573962211608887 0
1764170451836 0.07062697410583496 0
1764170451922 0.06983661651611328 0
1764170452006 0.0724489688873291 0
1764170452091 0.07218480110168457 0
1764170452178 0.06948018074035645 0
1764170452255 0.062181711196899414 0
1764170452352 0.07877683639526367 0
1764170452436 0.06953859329223633 0
1764170452521 0.06786251068115234 0
1764170452606 0.07244729995727539 0
1764170452689 0.0706017017364502 0
1764170452776 0.07063150405883789 0
1764170452855 0.06527519226074219 0
1764170452940 0.06699585914611816 0
1764170453027 0.06961369514465332 0
1764170453111 0.06809616088867188 0
1764170453194 0.06932449340820312 0
1764170453280 0.07097387313842773 0
1764170453377 0.08588266372680664 0
1764170453463 0.0702669620513916 0
1764170453549 0.07575440406799316 0
1764170453636 0.06834888458251953 0
1764170453722 0.07161450386047363 0
1764170453807 0.07356095314025879 0
1764170453890 0.07804727554321289 0
1764170453974 0.06947898864746094 0
1764170454056 0.06775784492492676 0
1764170454146 0.0730276107788086 0
1764170454233 0.07545042037963867 0
1764170454315 0.0665593147277832 0
1764170454404 0.07057881355285645 0
1764170454489 0.07689952850341797 0
1764170454571 0.06839346885681152 0
1764170454654 0.0670015811920166 0
1764170454733 0.06575989723205566 0
1764170454812 0.05916261672973633 0
1764170454906 0.07283210754394531 0
1764170454988 0.07286262512207031 0
1764170455073 0.06905865669250488 0
1764170455157 0.06734323501586914 0
1764170455242 0.06873893737792969 0
1764170455327 0.07179641723632812 0
1764170455410 0.07056045532226562 0
1764170455491 0.06560659408569336 0
1764170455580 0.06932687759399414 0
1764170455664 0.07045626640319824 0
1764170455752 0.0731964111328125 0
1764170455836 0.06672978401184082 0
1764170455915 0.06053805351257324 0
1764170456004 0.07040286064147949 0
1764170456091 0.07884025573730469 0
1764170456179 0.06838488578796387 0
1764170456268 0.07415509223937988 0
1764170456356 0.07083344459533691 0
1764170456436 0.06352758407592773 0
1764170456521 0.06670928001403809 0
1764170456607 0.07331299781799316 0
1764170456691 0.07867431640625 0
1764170456780 0.07068729400634766 0
1764170456865 0.07111144065856934 0
1764170456950 0.06960749626159668 0
1764170457036 0.06739687919616699 0
1764170457121 0.06811356544494629 0
1764170457206 0.0722050666809082 0
1764170457291 0.06987333297729492 0
1764170457380 0.07381844520568848 0
1764170457460 0.06693744659423828 0
1764170457545 0.07266354560852051 0
1764170457634 0.07623291015625 0
1764170457715 0.06424474716186523 0
1764170457805 0.07114768028259277 0
1764170457888 0.07595372200012207 0
1764170457972 0.06745648384094238 0
1764170458055 0.06715917587280273 0
1764170458146 0.06680965423583984 0
1764170458230 0.07296228408813477 0
1764170458315 0.07235074043273926 0
1764170458401 0.07032608985900879 0
1764170458491 0.07887935638427734 0
1764170458589 0.0789947509765625 0
1764170458690 0.0825045108795166 0
1764170458794 0.0821986198425293 0
1764170458890 0.07971477508544922 0
1764170458993 0.07870888710021973 0
1764170459107 0.09527254104614258 0
1764170459212 0.08474469184875488 0
1764170459321 0.08553576469421387 0
1764170459427 0.08768177032470703 0
1764170459531 0.08821868896484375 0
1764170459642 0.09011268615722656 0
1764170459748 0.08489751815795898 0
1764170459855 0.08730769157409668 0
1764170459957 0.07883739471435547 0
1764170460067 0.08558130264282227 0
1764170460172 0.08366703987121582 0
1764170460280 0.08620500564575195 0
1764170460392 0.09574103355407715 0
1764170460497 0.08526372909545898 0
1764170460608 0.09337019920349121 0
1764170460715 0.0855717658996582 0
1764170460827 0.0938572883605957 0
1764170460929 0.08118271827697754 0
1764170461036 0.08346128463745117 0
1764170461140 0.08497762680053711 0
1764170461242 0.0853731632232666 0
1764170461348 0.08491969108581543 0
1764170461454 0.0864708423614502 0
1764170461557 0.09014725685119629 0
1764170461665 0.0871737003326416 0
1764170461775 0.08805108070373535 0
1764170461879 0.08512067794799805 0
1764170461987 0.089691162109375 0
1764170462096 0.08860898017883301 0
1764170462205 0.09011507034301758 0
1764170462311 0.08606719970703125 0
1764170462412 0.0796513557434082 0
1764170462522 0.08960890769958496 0
1764170462630 0.09067964553833008 0
1764170462735 0.0840599536895752 0
1764170462842 0.08594083786010742 0
1764170462957 0.09041881561279297 0
1764170463065 0.08767867088317871 0
1764170463171 0.08566164970397949 0
1764170463280 0.0899660587310791 0
1764170463388 0.09179139137268066 0
1764170463497 0.08666205406188965 0
1764170463593 0.07975125312805176 0
1764170463697 0.08542919158935547 0
1764170463807 0.08641219139099121 0
1764170463909 0.0835564136505127 0
1764170464011 0.0845940113067627 0
1764170464121 0.08612799644470215 0
1764170464225 0.08576512336730957 0
1764170464333 0.08528304100036621 0
1764170464437 0.08100342750549316 0
1764170464549 0.09413981437683105 0
1764170464654 0.08330655097961426 0
1764170464758 0.0806722640991211 0
1764170464866 0.08718204498291016 0
1764170464984 0.09368276596069336 0
1764170465097 0.09323239326477051 0
1764170465216 0.09561681747436523 0
1764170465349 0.10690164566040039 0
1764170465472 0.09880328178405762 0
1764170465602 0.1096959114074707 0
1764170465729 0.10205268859863281 0
1764170465853 0.1019439697265625 0
1764170465978 0.10169768333435059 0
1764170466097 0.09653711318969727 0
1764170466211 0.09091734886169434 0
1764170466329 0.09326934814453125 0
1764170466435 0.0874016284942627 0
1764170466539 0.0872952938079834 0
1764170466642 0.08542490005493164 0
1764170466751 0.08909082412719727 0
1764170466855 0.08599019050598145 0
1764170466957 0.08374643325805664 0
1764170467067 0.0868520736694336 0
1764170467177 0.08778834342956543 0
1764170467279 0.08543038368225098 0
1764170467390 0.08750653266906738 0
1764170467496 0.0880577564239502 0
1764170467604 0.09012031555175781 0
1764170467711 0.08559393882751465 0
1764170467826 0.09630131721496582 0
1764170467939 0.08950567245483398 0
1764170468054 0.09751224517822266 0
1764170468163 0.08881115913391113 0
1764170468266 0.08287429809570312 0
1764170468383 0.09277796745300293 0
1764170468491 0.08841896057128906 0
1764170468603 0.09250760078430176 0
1764170468714 0.08766484260559082 0
1764170468828 0.08980941772460938 0
1764170468938 0.08953356742858887 0
1764170469043 0.08641481399536133 0
1764170469153 0.08914041519165039 0
1764170469266 0.09225893020629883 0
1764170469379 0.09175729751586914 0
1764170469490 0.08881378173828125 0
1764170469602 0.09139323234558105 0
1764170469715 0.10413742065429688 0
1764170469811 0.07827138900756836 0
1764170469933 0.08983564376831055 0
1764170470048 0.09342193603515625 0
1764170470157 0.09111762046813965 0
1764170470267 0.08399677276611328 0
1764170470382 0.09260272979736328 0
1764170470491 0.08780741691589355 0
1764170470604 0.0903618335723877 0
1764170470714 0.0878140926361084 0
1764170470823 0.0905461311340332 0
1764170470933 0.09079480171203613 0
1764170471044 0.0896303653717041 0
1764170471156 0.09210371971130371 0
1764170471266 0.09069323539733887 0
1764170471380 0.09086346626281738 0
1764170471490 0.0902409553527832 0
1764170471602 0.08740115165710449 0
1764170471708 0.09686422348022461 0
1764170471811 0.08461594581604004 0
1764170471920 0.08696413040161133 0
1764170472031 0.09266281127929688 0
1764170472146 0.09550762176513672 0
1764170472260 0.09328126907348633 0
1764170472393 0.11409211158752441 0
1764170472507 0.09593391418457031 0
1764170472631 0.10288000106811523 0
1764170472744 0.09289979934692383 0
1764170472860 0.09317231178283691 0
1764170472973 0.09501934051513672 0
1764170473087 0.09308695793151855 0
1764170473201 0.09270930290222168 0
1764170473312 0.10126829147338867 0
1764170473425 0.0927269458770752 0
1764170473533 0.08669447898864746 0
1764170473642 0.08745217323303223 0
1764170473755 0.08873844146728516 0
1764170473866 0.08921265602111816 0
1764170473977 0.0874178409576416 0
1764170474088 0.08880352973937988 0
1764170474193 0.08466482162475586 0
1764170474314 0.10301518440246582 0
1764170474426 0.09103608131408691 0
1764170474538 0.0903158187866211 0
1764170474649 0.0931692123413086 0
1764170474752 0.08654332160949707 0
1764170474861 0.09103059768676758 0
1764170474967 0.0882720947265625 0
1764170475078 0.09094047546386719 0
1764170475189 0.09288644790649414 0
1764170475303 0.09526991844177246 0
1764170475411 0.09032106399536133 0
1764170475527 0.09230399131774902 0
1764170475635 0.0877084732055664 0
1764170475752 0.09108233451843262 0
1764170475862 0.08843040466308594 0
1764170475976 0.09835290908813477 0
1764170476091 0.09810948371887207 0
1764170476204 0.09296298027038574 0
1764170476314 0.08843111991882324 0
1764170476427 0.09180188179016113 0
1764170476536 0.08925199508666992 0
1764170476653 0.09888386726379395 0
1764170476768 0.09366011619567871 0
1764170476878 0.08964157104492188 0
1764170476992 0.09630298614501953 0
1764170477108 0.09713077545166016 0
1764170477211 0.08362364768981934 0
1764170477320 0.08689236640930176 0
1764170477425 0.08724570274353027 0
1764170477534 0.09278178215026855 0
1764170477641 0.08544230461120605 0
1764170477753 0.0906381607055664 0
1764170477861 0.08909320831298828 0
1764170477984 0.09859991073608398 0
1764170478090 0.08382105827331543 0
1764170478203 0.08982419967651367 0
1764170478314 0.08756756782531738 0
1764170478427 0.08827042579650879 0
1764170478536 0.09515118598937988 0
1764170478648 0.08997058868408203 0
1764170478756 0.08796548843383789 0
1764170478862 0.088134765625 0
1764170478974 0.08847713470458984 0
1764170479077 0.0860295295715332 0
1764170479192 0.08914542198181152 0
1764170479307 0.09610939025878906 0
1764170479410 0.0824730396270752 0
1764170479530 0.09507417678833008 0
1764170479648 0.09607934951782227 0
1764170479756 0.08806133270263672 0
1764170479870 0.09023046493530273 0
1764170479981 0.09307193756103516 0
1764170480088 0.08804702758789062 0
1764170480201 0.09185576438903809 0
1764170480306 0.09549474716186523 0
1764170480410 0.08407139778137207 0
1764170480513 0.08294320106506348 0
1764170480635 0.09877347946166992 0
1764170480751 0.089996337890625 0
1764170480860 0.08907437324523926 0
1764170480973 0.09542155265808105 0
1764170481084 0.09204506874084473 0
1764170481189 0.08683443069458008 0
1764170481296 0.0852808952331543 0
1764170481408 0.09426021575927734 0
1764170481520 0.09042477607727051 0
1764170481634 0.09632396697998047 0
1764170481750 0.09674644470214844 0
1764170481865 0.09416675567626953 0
1764170481976 0.09021615982055664 0
1764170482077 0.08539199829101562 0
1764170482192 0.08831572532653809 0
1764170482311 0.10126423835754395 0
1764170482410 0.08066582679748535 0
1764170482534 0.09272217750549316 0
1764170482641 0.08476734161376953 0
1764170482755 0.08973002433776855 0
1764170482859 0.0852060317993164 0
1764170482973 0.0953824520111084 0
1764170483089 0.0973670482635498 0
1764170483200 0.08892107009887695 0
1764170483304 0.09404587745666504 0
1764170483410 0.08471155166625977 0
1764170483525 0.0922093391418457 0
1764170483633 0.08882331848144531 0
1764170483745 0.09099078178405762 0
1764170483856 0.08620858192443848 0
1764170483969 0.09139275550842285 0
1764170484077 0.08899998664855957 0
1764170484188 0.09269499778747559 0
1764170484296 0.08615660667419434 0
1764170484410 0.09714245796203613 0
1764170484520 0.08919668197631836 0
1764170484634 0.0962834358215332 0
1764170484737 0.08485031127929688 0
1764170484828 0.07252979278564453 0
1764170484944 0.0915064811706543 0
1764170485058 0.09284353256225586 0
1764170485169 0.09126567840576172 0
1764170485271 0.0849151611328125 0
1764170485377 0.08760285377502441 0
1764170485488 0.09622645378112793 0
1764170485592 0.08462882041931152 0
1764170485695 0.08510351181030273 0
1764170485812 0.09283995628356934 0
1764170485913 0.08086109161376953 0
1764170486027 0.09009385108947754 0
1764170486131 0.08394002914428711 0
1764170486241 0.09035658836364746 0
1764170486344 0.08063673973083496 0
1764170486453 0.08723020553588867 0
1764170486565 0.09436154365539551 0
1764170486667 0.08400750160217285 0
1764170486773 0.08671998977661133 0
1764170486877 0.0855093002319336 0
1764170486983 0.09322786331176758 0
1764170487095 0.08863449096679688 0
1764170487198 0.08525753021240234 0
1764170487310 0.08793807029724121 0
1764170487417 0.08568930625915527 0
1764170487529 0.09534502029418945 0
1764170487634 0.08466005325317383 0
1764170487744 0.09123420715332031 0
1764170487853 0.08678460121154785 0
1764170487965 0.08801817893981934 0
1764170488071 0.08596158027648926 0
1764170488177 0.0873115062713623 0
1764170488277 0.08549237251281738 0
1764170488386 0.09063363075256348 0
1764170488489 0.08416438102722168 0
1764170488599 0.08575129508972168 0
1764170488708 0.08538675308227539 0
1764170488813 0.08605217933654785 0
1764170488913 0.07889175415039062 0
1764170489027 0.09003138542175293 0
1764170489128 0.08625388145446777 0
1764170489228 0.08464646339416504 0
1764170489343 0.09017515182495117 0
1764170489453 0.08878922462463379 0
1764170489563 0.09268760681152344 0
1764170489671 0.08492588996887207 0
1764170489778 0.08921933174133301 0
1764170489884 0.09222221374511719 0
1764170489985 0.08273935317993164 0
1764170490089 0.09136772155761719 0
1764170490192 0.08049297332763672 0
1764170490308 0.09224200248718262 0
1764170490416 0.08567571640014648 0
1764170490519 0.08532381057739258 0
1764170490628 0.08490920066833496 0
1764170490735 0.08805203437805176 0
1764170490840 0.08701515197753906 0
1764170490950 0.09168386459350586 0
1764170491063 0.09365296363830566 0
1764170491172 0.08960342407226562 0
1764170491270 0.0815119743347168 0
1764170491383 0.09327888488769531 0
1764170491489 0.09145164489746094 0
1764170491598 0.0893557071685791 0
1764170491704 0.08824682235717773 0
1764170491813 0.09376358985900879 0
1764170491919 0.08366823196411133 0
1764170492029 0.09187436103820801 0
1764170492135 0.0879068374633789 0
1764170492240 0.08613824844360352 0
1764170492350 0.0870981216430664 0
1764170492460 0.09023165702819824 0
1764170492568 0.09142565727233887 0
1764170492677 0.08801794052124023 0
1764170492789 0.08365297317504883 0
1764170492905 0.09698915481567383 0
1764170493010 0.0846412181854248 0
1764170493119 0.08984827995300293 0
1764170493231 0.09458255767822266 0
1764170493343 0.09061098098754883 0
1764170493453 0.08960938453674316 0
1764170493556 0.08546590805053711 0
1764170493662 0.08598637580871582 0
1764170493770 0.09366154670715332 0
1764170493877 0.08550834655761719 0
1764170493986 0.09080958366394043 0
1764170494094 0.0866084098815918 0
1764170494198 0.08515143394470215 0
1764170494308 0.08669376373291016 0
1764170494422 0.09182953834533691 0
1764170494528 0.09418272972106934 0
1764170494631 0.08684730529785156 0
1764170494737 0.0877084732055664 0
1764170494840 0.08455705642700195 0
1764170494952 0.08925914764404297 0
1764170495055 0.08495473861694336 0
1764170495156 0.08464455604553223 0
1764170495265 0.08455419540405273 0
1764170495380 0.09437179565429688 0
1764170495489 0.09111905097961426 0
1764170495591 0.0834343433380127 0
1764170495703 0.08812308311462402 0
1764170495814 0.08792471885681152 0
1764170495919 0.0855264663696289 0
1764170496024 0.08722758293151855 0
1764170496131 0.09116220474243164 0
1764170496234 0.08369851112365723 0
1764170496337 0.0846858024597168 0
1764170496450 0.0889284610748291 0
1764170496555 0.08619046211242676 0
1764170496665 0.08764338493347168 0
1764170496773 0.08704280853271484 0
1764170496876 0.08522439002990723 0
1764170496987 0.0868673324584961 0
1764170497095 0.08752775192260742 0
1764170497206 0.08693718910217285 0
1764170497311 0.0855264663696289 0
1764170497422 0.09010171890258789 0
1764170497534 0.09372520446777344 0
1764170497652 0.09691238403320312 0
1764170497761 0.09081697463989258 0
1764170497869 0.08777976036071777 0
1764170497980 0.09123373031616211 0
1764170498089 0.09070634841918945 0
1764170498198 0.08990788459777832 0
1764170498304 0.08817553520202637 0
1764170498408 0.08962535858154297 0
1764170498512 0.08267903327941895 0
1764170498627 0.09007000923156738 0
1764170498735 0.089111328125 0
1764170498851 0.09601330757141113 0
1764170498967 0.09620118141174316 0
1764170499076 0.09104442596435547 0
1764170499189 0.09462618827819824 0
1764170499301 0.09200596809387207 0
1764170499413 0.09363484382629395 0
1764170499519 0.08596253395080566 0
1764170499632 0.09493017196655273 0
1764170499736 0.08553433418273926 0
1764170499846 0.09194779396057129 0
1764170499955 0.09125041961669922 0
1764170500064 0.08337950706481934 0
1764170500172 0.08935880661010742 0
1764170500277 0.08592057228088379 0
1764170500391 0.08983302116394043 0
1764170500502 0.09005594253540039 0
1764170500613 0.0937798023223877 0
1764170500719 0.08626770973205566 0
1764170500829 0.09263157844543457 0
1764170500937 0.0875098705291748 0
1764170501040 0.08461570739746094 0
1764170501143 0.08569478988647461 0
1764170501247 0.08410453796386719 0
1764170501355 0.08808374404907227 0
1764170501458 0.0802915096282959 0
1764170501565 0.08922791481018066 0
1764170501670 0.08432769775390625 0
1764170501782 0.09372615814208984 0
1764170501885 0.0877218246459961 0
1764170501991 0.08481431007385254 0
1764170502101 0.08873391151428223 0
1764170502209 0.09064888954162598 0
1764170502318 0.08516263961791992 0
1764170502434 0.09720730781555176 0
1764170502543 0.08927178382873535 0
1764170502648 0.08630132675170898 0
1764170502755 0.08858680725097656 0
1764170502858 0.08173894882202148 0
1764170502968 0.09174036979675293 0
1764170503071 0.08692049980163574 0
1764170503181 0.089111328125 0
1764170503285 0.08794760704040527 0
1764170503391 0.08566832542419434 0
1764170503503 0.09035944938659668 0
1764170503613 0.08882284164428711 0
1764170503719 0.08531808853149414 0
1764170503830 0.0932304859161377 0
1764170503931 0.0817875862121582 0
1764170504035 0.08224034309387207 0
1764170504143 0.08548355102539062 0
1764170504257 0.09185624122619629 0
1764170504374 0.09072613716125488 0
1764170504485 0.09413647651672363 0
1764170504591 0.08536720275878906 0
1764170504706 0.09113597869873047 0
1764170504821 0.09294939041137695 0
1764170504936 0.0963125228881836 0
1764170505046 0.09089326858520508 0
1764170505155 0.08914375305175781 0
1764170505265 0.0846712589263916 0
1764170505378 0.09427165985107422 0
1764170505485 0.08763480186462402 0
1764170505597 0.0895233154296875 0
1764170505708 0.08686399459838867 0
1764170505815 0.08539986610412598 0
1764170505912 0.07822823524475098 0
1764170506032 0.08940958976745605 0
1764170506136 0.08256125450134277 0
1764170506240 0.08595776557922363 0
1764170506355 0.08814787864685059 0
1764170506465 0.08849382400512695 0
1764170506574 0.08754324913024902 0
1764170506685 0.0943136215209961 0
1764170506803 0.0969231128692627 0
1764170506912 0.09138798713684082 0
1764170507051 0.11529994010925293 0
1764170507176 0.10611844062805176 0
1764170507306 0.10943770408630371 0
1764170507422 0.09121131896972656 0
1764170507543 0.09539580345153809 0
1764170507657 0.09236574172973633 0
1764170507778 0.09485769271850586 0
1764170507894 0.09669971466064453 0
1764170508010 0.09809494018554688 0
1764170508125 0.0916907787322998 0
1764170508234 0.09091377258300781 0
1764170508355 0.09761834144592285 0
1764170508470 0.09370779991149902 0
1764170508580 0.08837580680847168 0
1764170508689 0.09191036224365234 0
1764170508797 0.08976292610168457 0
1764170508906 0.09118056297302246 0
1764170509015 0.08806347846984863 0
1764170509128 0.09356498718261719 0
1764170509239 0.09012842178344727 0
1764170509343 0.08545255661010742 0
1764170509454 0.092071533203125 0
1764170509565 0.08912801742553711 0
1764170509671 0.08465051651000977 0
1764170509776 0.0884697437286377 0
1764170509885 0.09442019462585449 0
1764170509993 0.0869283676147461 0
1764170510104 0.0892491340637207 0
1764170510215 0.09082484245300293 0
1764170510328 0.09464907646179199 0
1764170510434 0.08448266983032227 0
1764170510543 0.08553147315979004 0
1764170510657 0.09467458724975586 0
1764170510771 0.08869719505310059 0
1764170510876 0.08544468879699707 0
1764170510985 0.0856313705444336 0
1764170511090 0.08523893356323242 0
1764170511190 0.07880377769470215 0
1764170511311 0.09636425971984863 0
1764170511421 0.0892491340637207 0
1764170511536 0.08877205848693848 0
1764170511639 0.0846710205078125 0
1764170511742 0.08533000946044922 0
1764170511851 0.0891733169555664 0
1764170511960 0.09036588668823242 0
1764170512069 0.08930015563964844 0
1764170512176 0.0907742977142334 0
1764170512289 0.09300470352172852 0
1764170512405 0.09691596031188965 0
1764170512512 0.08473634719848633 0
1764170512629 0.09315133094787598 0
1764170512736 0.08461713790893555 0
1764170512851 0.09679603576660156 0
1764170512963 0.09324288368225098 0
1764170513070 0.08405256271362305 0
1764170513179 0.08594822883605957 0
1764170513287 0.09044027328491211 0
1764170513390 0.08049941062927246 0
1764170513506 0.09096860885620117 0
1764170513614 0.08773255348205566 0
1764170513724 0.0904855728149414 0
1764170513833 0.09124422073364258 0
1764170513942 0.09009623527526855 0
1764170514056 0.09012484550476074 0
1764170514172 0.09654664993286133 0
1764170514284 0.09417414665222168 0
1764170514390 0.08457517623901367 0
1764170514507 0.09229683876037598 0
1764170514615 0.08680176734924316 0
1764170514730 0.09673810005187988 0
1764170514833 0.09117889404296875 0
1764170514950 0.09314942359924316 0
1764170515057 0.08926606178283691 0
1764170515168 0.08696961402893066 0
1764170515276 0.08829975128173828 0
1764170515389 0.08710145950317383 0
1764170515493 0.08356189727783203 0
1764170515607 0.09522771835327148 0
1764170515711 0.08364629745483398 0
1764170515821 0.08541250228881836 0
1764170515928 0.08308649063110352 0
1764170516033 0.09113240242004395 0
1764170516142 0.0859229564666748 0
1764170516257 0.09178304672241211 0
1764170516360 0.08451461791992188 0
1764170516469 0.0877683162689209 0
1764170516578 0.08670878410339355 0
1764170516691 0.08864307403564453 0
1764170516796 0.08522987365722656 0
1764170516906 0.09130144119262695 0
1764170517010 0.08568859100341797 0
1764170517124 0.09061098098754883 0
1764170517227 0.08495950698852539 0
1764170517336 0.08657407760620117 0
1764170517439 0.08482623100280762 0
1764170517549 0.09246373176574707 0
1764170517657 0.09030938148498535 0
1764170517763 0.08700132369995117 0
1764170517870 0.08873224258422852 0
1764170517978 0.08769750595092773 0
1764170518088 0.0918428897857666 0
1764170518191 0.08110332489013672 0
1764170518302 0.0881659984588623 0
1764170518414 0.10267210006713867 0
1764170518511 0.07780265808105469 0
1764170518633 0.09083795547485352 0
1764170518748 0.0911569595336914 0
1764170518853 0.08484673500061035 0
1764170518955 0.07935309410095215 0
1764170519068 0.08831214904785156 0
1764170519174 0.08556604385375977 0
1764170519282 0.09092140197753906 0
1764170519390 0.08809709548950195 0
1764170519493 0.0819399356842041 0
1764170519605 0.09398102760314941 0
1764170519709 0.08807110786437988 0
1764170519821 0.09104537963867188 0
1764170519929 0.09064316749572754 0
1764170520039 0.08881688117980957 0
1764170520148 0.09120702743530273 0
1764170520256 0.09018635749816895 0
1764170520367 0.0923151969909668 0
1764170520475 0.08620047569274902 0
1764170520583 0.08993005752563477 0
1764170520688 0.08624792098999023 0
1764170520796 0.09113883972167969 0
1764170520908 0.08829712867736816 0
1764170521014 0.08767318725585938 0
1764170521125 0.09190011024475098 0
1764170521230 0.08866763114929199 0
1764170521335 0.08478260040283203 0
1764170521439 0.08470034599304199 0
1764170521549 0.09232282638549805 0
1764170521654 0.08761811256408691 0
1764170521762 0.08776569366455078 0
1764170521875 0.09215641021728516 0
1764170521984 0.08945012092590332 0
1764170522094 0.08805418014526367 0
1764170522202 0.09220671653747559 0
1764170522311 0.09045076370239258 0
1764170522420 0.08875322341918945 0
1764170522528 0.08306312561035156 0
1764170522633 0.0844886302947998 0
1764170522742 0.08534407615661621 0
1764170522846 0.08694624900817871 0
1764170522954 0.08696508407592773 0
1764170523063 0.08917784690856934 0
1764170523174 0.09071707725524902 0
1764170523285 0.08906936645507812 0
1764170523396 0.08984899520874023 0
1764170523508 0.09399652481079102 0
1764170523614 0.08565855026245117 0
1764170523731 0.0929253101348877 0
1764170523839 0.0880272388458252 0
1764170523950 0.09418535232543945 0
1764170524056 0.08873748779296875 0
1764170524167 0.08539962768554688 0
1764170524275 0.0846550464630127 0
1764170524388 0.09224843978881836 0
1764170524496 0.08977675437927246 0
1764170524609 0.09831571578979492 0
1764170524711 0.08057975769042969 0
1764170524831 0.08965468406677246 0
1764170524935 0.08358955383300781 0
1764170525051 0.08902120590209961 0
1764170525155 0.0855097770690918 0
1764170525269 0.08602118492126465 0
1764170525380 0.08917427062988281 0
1764170525492 0.0958399772644043 0
1764170525596 0.08528423309326172 0
1764170525706 0.09234142303466797 0
1764170525814 0.08785390853881836 0
1764170525927 0.09239077568054199 0
1764170526032 0.09091401100158691 0
1764170526135 0.08167767524719238 0
1764170526249 0.08869242668151855 0
1764170526354 0.08434605598449707 0
1764170526467 0.09013009071350098 0
1764170526579 0.08968114852905273 0
1764170526686 0.0891263484954834 0
1764170526790 0.0817267894744873 0
1764170526892 0.07953166961669922 0
1764170526997 0.085906982421875 0
1764170527111 0.0969095230102539 0
1764170527226 0.09105062484741211 0
1764170527333 0.08621931076049805 0
1764170527445 0.09144949913024902 0
1764170527554 0.0866234302520752 0
1764170527663 0.08811497688293457 0
1764170527773 0.0916604995727539 0
1764170527888 0.0977632999420166 0
1764170527997 0.08844375610351562 0
1764170528108 0.09443259239196777 0
1764170528220 0.09211039543151855 0
1764170528329 0.0911717414855957 0
1764170528434 0.08499956130981445 0
1764170528535 0.08188986778259277 0
1764170528644 0.08512425422668457 0
1764170528753 0.08466625213623047 0
1764170528866 0.08798503875732422 0
1764170528975 0.08967280387878418 0
1764170529083 0.08726978302001953 0
1764170529188 0.08348774909973145 0
1764170529303 0.09397649765014648 0
1764170529409 0.08594036102294922 0
1764170529504 0.0755014419555664 0
1764170529620 0.08531951904296875 0
1764170529735 0.08773183822631836 0
1764170529838 0.0841069221496582 0
1764170529949 0.09268951416015625 0
1764170530066 0.09783196449279785 0
1764170530177 0.09255743026733398 0
1764170530286 0.09072756767272949 0
1764170530396 0.08820438385009766 0
1764170530501 0.08669137954711914 0
1764170530613 0.09071850776672363 0
1764170530711 0.07862496376037598 0
1764170530832 0.09128165245056152 0
1764170530941 0.08824777603149414 0
1764170531054 0.08887434005737305 0
1764170531162 0.08802175521850586 0
1764170531266 0.08415484428405762 0
1764170531372 0.08804202079772949 0
1764170531485 0.09468984603881836 0
1764170531605 0.09792923927307129 0
1764170531710 0.09060502052307129 0
1764170531820 0.09045672416687012 0
1764170531932 0.0940697193145752 0
1764170532044 0.09088587760925293 0
1764170532163 0.09415507316589355 0
1764170532269 0.08854961395263672 0
1764170532376 0.08849906921386719 0
1764170532482 0.08635473251342773 0
1764170532587 0.08740639686584473 0
1764170532692 0.08770227432250977 0
1764170532805 0.09481406211853027 0
1764170532910 0.09060001373291016 0
1764170533020 0.0860128402709961 0
1764170533124 0.08648920059204102 0
1764170533234 0.09276437759399414 0
1764170533341 0.08917760848999023 0
1764170533444 0.08276581764221191 0
1764170533553 0.08727359771728516 0
1764170533656 0.08338117599487305 0
1764170533773 0.09859704971313477 0
1764170533888 0.09875822067260742 0
1764170533995 0.08893108367919922 0
1764170534119 0.09957623481750488 0
1764170534237 0.09663271903991699 0
1764170534353 0.09702277183532715 0
1764170534519 0.13909697532653809 0
1764170535287 0.736840009689331 0
1764170535439 0.12923717498779297 0
1764170535605 0.13328242301940918 0
1764170535755 0.1349964141845703 0
1764170535904 0.11422228813171387 0
1764170536036 0.10902714729309082 0
1764170536185 0.11735939979553223 0
1764170536321 0.11319375038146973 0
1764170536464 0.11703991889953613 0
1764170536604 0.11732959747314453 0
1764170536740 0.11285758018493652 0
1764170536887 0.11586666107177734 0
1764170537005 0.09998130798339844 0
1764170537138 0.10187482833862305 0
1764170537247 0.09385991096496582 0
1764170537383 0.10447502136230469 0
1764170537484 0.09535837173461914 0
1764170537605 0.08822798728942871 0
1764170537712 0.08127474784851074 0
1764170537830 0.08736133575439453 0
1764170537939 0.09339356422424316 0
1764170538047 0.09221553802490234 0
1764170538142 0.07941985130310059 0
1764170538260 0.08465695381164551 0
1764170538363 0.08760452270507812 0
1764170538465 0.08255243301391602 0
1764170538577 0.09625077247619629 0
1764170538677 0.08055591583251953 0
1764170538780 0.08653497695922852 0
1764170538884 0.09559202194213867 0
1764170538999 0.09149050712585449 0
1764170539109 0.09380364418029785 0
1764170539230 0.1054847240447998 0
1764170539333 0.0877993106842041 0
1764170539448 0.09926176071166992 0
1764170539557 0.09268760681152344 0
1764170539672 0.08328008651733398 0
1764170539795 0.10683822631835938 0
1764170539891 0.08389949798583984 0
1764170540012 0.08757853507995605 0
1764170540120 0.09289073944091797 0
1764170540251 0.09961986541748047 0
1764170540357 0.0900583267211914 0
1764170540466 0.0858914852142334 0
1764170540592 0.10968184471130371 0
1764170540718 0.1070716381072998 0
1764170540831 0.09739208221435547 0
1764170540971 0.10859107971191406 0
1764170541088 0.10405302047729492 0
1764170541220 0.10030651092529297 0
1764170541348 0.09744930267333984 0
1764170541462 0.08842897415161133 0
1764170541600 0.10735177993774414 0
1764170541719 0.10788583755493164 0
1764170541843 0.10798144340515137 0
1764170541973 0.0994105339050293 0
1764170542100 0.11050224304199219 0
1764170542236 0.10436892509460449 0
1764170542345 0.09360694885253906 0
1764170542477 0.10217785835266113 0
1764170542611 0.11897397041320801 0
1764170542740 0.10330557823181152 0
1764170542858 0.10413432121276855 0
1764170542982 0.10882139205932617 0
1764170543099 0.09453511238098145 0
1764170543211 0.09603452682495117 0
1764170543311 0.0751492977142334 0
1764170543430 0.08757734298706055 0
1764170543532 0.08652210235595703 0
1764170543635 0.08736848831176758 0
1764170543739 0.08867239952087402 0
1764170543843 0.08742380142211914 0
1764170543951 0.09284830093383789 0
1764170544066 0.09058785438537598 0
1764170544182 0.08509469032287598 0
1764170544296 0.08439302444458008 0
1764170544412 0.08445549011230469 0
1764170544515 0.09857940673828125 0
1764170544614 0.08322668075561523 0
1764170544727 0.09689664840698242 0
1764170544836 0.09243416786193848 0
1764170544940 0.08837556838989258 0
1764170545049 0.09324860572814941 0
1764170545173 0.1093754768371582 0
1764170545293 0.10503053665161133 0
1764170545430 0.10408806800842285 0
1764170545554 0.09832143783569336 0
1764170545688 0.09929776191711426 0
1764170545819 0.09991049766540527 0
1764170545948 0.09665179252624512 0
1764170546060 0.08374786376953125 0
1764170546183 0.0917959213256836 0
1764170546296 0.09723520278930664 0
1764170546414 0.0999751091003418 0
1764170546514 0.09424352645874023 0
1764170546629 0.08391499519348145 0
1764170546733 0.08806848526000977 0
1764170546845 0.0970001220703125 0
1764170546946 0.0885004997253418 0
1764170547067 0.09039664268493652 0
1764170547180 0.09744787216186523 0
1764170547284 0.08411145210266113 0
1764170547382 0.08242201805114746 0
1764170547496 0.09844398498535156 0
1764170547597 0.08214974403381348 0
1764170547699 0.08335471153259277 0
1764170547805 0.08928394317626953 0
1764170547916 0.09513068199157715 0
1764170548016 0.08588171005249023 0
1764170548120 0.0839083194732666 0
1764170548216 0.07988834381103516 0
1764170548326 0.08015656471252441 0
1764170548435 0.09311366081237793 0
1764170548544 0.09361481666564941 0
1764170548638 0.07860350608825684 0
1764170548750 0.08024334907531738 0
1764170548838 0.06930327415466309 0
1764170548948 0.07821035385131836 0
1764170549059 0.07860851287841797 0
1764170549163 0.08864331245422363 0
1764170549260 0.08099699020385742 0
1764170549367 0.0911264419555664 0
1764170549472 0.09566497802734375 0
1764170549579 0.09183669090270996 0
1764170549668 0.07086658477783203 0
1764170549782 0.08292579650878906 0
1764170549889 0.09095978736877441 0
1764170549989 0.0711526870727539 0
1764170550108 0.08768272399902344 0
1764170550218 0.0942680835723877 0
1764170550326 0.08443713188171387 0
1764170550426 0.08387112617492676 0
1764170550529 0.07182908058166504 0
1764170550642 0.08150935173034668 0
1764170550735 0.0778956413269043 0
1764170550848 0.08178353309631348 0
1764170550951 0.0873253345489502 0
1764170551053 0.0805060863494873 0
1764170551146 0.07771968841552734 0
1764170551259 0.07933831214904785 0
1764170551369 0.09428000450134277 0
1764170551456 0.06717753410339355 0
1764170551572 0.10060739517211914 0
1764170551672 0.08409595489501953 0
1764170551775 0.08705520629882812 0
1764170551872 0.07758879661560059 0
1764170551983 0.07963418960571289 0
1764170552084 0.09545469284057617 0
1764170552220 0.10378623008728027 0
1764170552341 0.11194896697998047 0
1764170552448 0.09097814559936523 0
1764170552570 0.09055447578430176 0
1764170552672 0.0845029354095459 0
1764170552788 0.10019230842590332 0
1764170552896 0.09224081039428711 0
1764170553000 0.08843374252319336 0
1764170553101 0.08502578735351562 0
1764170553204 0.08765244483947754 0
1764170553313 0.09103035926818848 0
1764170553422 0.0930335521697998 0
1764170553526 0.08085989952087402 0
1764170553629 0.08745193481445312 0
1764170553738 0.09238958358764648 0
1764170553841 0.08772778511047363 0
1764170553935 0.0779111385345459 0
1764170554054 0.08408594131469727 0
1764170554141 0.07123708724975586 0
1764170554254 0.07803630828857422 0
1764170554353 0.08388090133666992 0
1764170554465 0.08345961570739746 0
1764170554559 0.07793211936950684 0
1764170554677 0.08577513694763184 0
1764170554782 0.08892631530761719 0
1764170554890 0.09203219413757324 0
1764170555005 0.09926247596740723 0
1764170555108 0.08330178260803223 0
1764170555204 0.07885098457336426 0
1764170555319 0.08369040489196777 0
1764170555410 0.07558059692382812 0
1764170555525 0.08278179168701172 0
1764170555626 0.08568072319030762 0
1764170555732 0.0903024673461914 0
1764170555841 0.09245491027832031 0
1764170555950 0.0942373275756836 0
1764170556060 0.08388781547546387 0
1764170556171 0.09572601318359375 0
1764170556273 0.08497762680053711 0
1764170556377 0.08909726142883301 0
1764170556477 0.07915329933166504 0
1764170556582 0.08888864517211914 0
1764170556695 0.09772109985351562 0
1764170556804 0.09273028373718262 0
1764170556907 0.08756828308105469 0
1764170557019 0.09239554405212402 0
1764170557127 0.09192228317260742 0
1764170557228 0.08579730987548828 0
1764170557338 0.0868690013885498 0
1764170557432 0.07847785949707031 0
1764170557544 0.08023571968078613 0
1764170557643 0.08351016044616699 0
1764170557753 0.07863473892211914 0
1764170557843 0.06861448287963867 0
1764170557964 0.09004998207092285 0
1764170558064 0.08045029640197754 0
1764170558180 0.08427882194519043 0
1764170558268 0.0702052116394043 0
1764170558388 0.08894038200378418 0
1764170558489 0.08580255508422852 0
1764170558598 0.09273171424865723 0
1764170558702 0.08842587471008301 0
1764170558819 0.08570170402526855 0
1764170558930 0.09534406661987305 0
1764170559035 0.09343647956848145 0
1764170559145 0.09331655502319336 0
1764170559266 0.0878438949584961 0
1764170559359 0.07777976989746094 0
1764170559476 0.0825338363647461 0
1764170559582 0.09014296531677246 0
1764170559690 0.0919184684753418 0
1764170559788 0.08265328407287598 0
1764170559901 0.08201837539672852 0
1764170560003 0.08659505844116211 0
1764170560114 0.09485912322998047 0
1764170560219 0.0872950553894043 0
1764170560316 0.08152413368225098 0
1764170560429 0.09741425514221191 0
1764170560533 0.08729028701782227 0
1764170560641 0.09338903427124023 0
1764170560741 0.08350968360900879 0
1764170560844 0.08749151229858398 0
1764170560962 0.08690524101257324 0
1764170561049 0.06649422645568848 0
1764170561158 0.07812380790710449 0
1764170561264 0.0821843147277832 0
1764170561353 0.07236146926879883 0
1764170561456 0.07035660743713379 0
1764170561577 0.08999419212341309 0
1764170561674 0.07974982261657715 0
1764170561787 0.08268475532531738 0
1764170561895 0.09203290939331055 0
1764170561996 0.08558034896850586 0
1764170562102 0.08981442451477051 0
1764170562206 0.08818554878234863 0
1764170562298 0.07643795013427734 0
1764170562413 0.08413314819335938 0
1764170562514 0.08486294746398926 0
1764170562613 0.07800555229187012 0
1764170562704 0.06936407089233398 0
1764170562809 0.08849644660949707 0
1764170562903 0.07840752601623535 0
1764170563009 0.07390880584716797 0
1764170563124 0.08309125900268555 0
1764170563219 0.07834672927856445 0
1764170563336 0.0853416919708252 0
1764170563441 0.09375405311584473 0
1764170563541 0.08456611633300781 0
1764170563660 0.0858461856842041 0
1764170563766 0.09031939506530762 0
1764170563871 0.0837862491607666 0
1764170563979 0.09245538711547852 0
1764170564083 0.0858149528503418 0
1764170564181 0.08272576332092285 0
1764170564295 0.08250284194946289 0
1764170564394 0.08316326141357422 0
1764170564506 0.0967397689819336 0
1764170564603 0.08118772506713867 0
1764170564698 0.07886457443237305 0
1764170564804 0.07498025894165039 0
1764170564904 0.08418655395507812 0
1764170565013 0.07798576354980469 0
1764170565131 0.08592939376831055 0
1764170565241 0.09386396408081055 0
1764170565338 0.08140134811401367 0
1764170565440 0.08036947250366211 0
1764170565544 0.08845877647399902 0
1764170565643 0.08367514610290527 0
1764170565755 0.09426712989807129 0
1764170565850 0.07380414009094238 0
1764170565962 0.09665179252624512 0
1764170566065 0.08597421646118164 0
1764170566157 0.07659530639648438 0
1764170566277 0.08407258987426758 0
1764170566382 0.08919572830200195 0
1764170566483 0.09580874443054199 0
1764170566609 0.11023378372192383 0
1764170566740 0.09916377067565918 0
1764170566876 0.1057121753692627 0
1764170567003 0.11287808418273926 0
1764170567135 0.11597084999084473 0
1764170567255 0.10479998588562012 0
1764170567381 0.11019253730773926 0
1764170567490 0.09294462203979492 0
1764170567612 0.09116768836975098 0
1764170567725 0.08318471908569336 0
1764170567842 0.09988975524902344 0
1764170567974 0.1175377368927002 0
1764170568083 0.08658409118652344 0
1764170568219 0.10478544235229492 0
1764170568342 0.1001276969909668 0
1764170568449 0.09313178062438965 0
1764170568579 0.09999656677246094 0
1764170568689 0.09212160110473633 0
1764170568815 0.09488916397094727 0
1764170568924 0.08336305618286133 0
1764170569042 0.0998542308807373 0
1764170569164 0.10784292221069336 0
1764170569265 0.09014177322387695 0
1764170569381 0.08472776412963867 0
1764170569483 0.08696103096008301 0
1764170569594 0.09512972831726074 0
1764170569706 0.08036684989929199 0
1764170569803 0.08128094673156738 0
1764170569920 0.08567190170288086 0
1764170570018 0.08298349380493164 0
1764170570131 0.08755755424499512 0
1764170570240 0.09330987930297852 0
1764170570349 0.09328031539916992 0
1764170570458 0.08567667007446289 0
1764170570564 0.08987689018249512 0
1764170570664 0.0830535888671875 0
1764170570781 0.10130977630615234 0
1764170570891 0.09419775009155273 0
1764170571012 0.09024643898010254 0
1764170571125 0.0970919132232666 0
1764170571252 0.09514665603637695 0
1764170571380 0.10815143585205078 0
1764170571503 0.10651254653930664 0
1764170571618 0.09833908081054688 0
1764170571746 0.09677743911743164 0
1764170571875 0.10001158714294434 0
1764170572004 0.11372637748718262 0
1764170572120 0.10160088539123535 0
1764170572256 0.10455441474914551 0
1764170572388 0.11612582206726074 0
1764170572516 0.10726666450500488 0
1764170572656 0.10834574699401855 0
1764170572787 0.11438298225402832 0
1764170572922 0.1198575496673584 0
1764170573056 0.11828947067260742 0
1764170573197 0.11245417594909668 0
1764170573323 0.10854101181030273 0
1764170573434 0.08598566055297852 0
1764170573550 0.0846855640411377 0
1764170573686 0.09930133819580078 0
1764170573797 0.09489798545837402 0
1764170573922 0.09422683715820312 0
1764170574049 0.09504222869873047 0
1764170574155 0.09961080551147461 0
1764170574293 0.10614466667175293 0
1764170574410 0.10138654708862305 0
1764170574509 0.08341002464294434 0
1764170574618 0.09372472763061523 0
1764170574715 0.08109283447265625 0
1764170574834 0.08740878105163574 0
1764170574943 0.09281468391418457 0
1764170575049 0.09063887596130371 0
1764170575155 0.09350323677062988 0
1764170575264 0.08797144889831543 0
1764170575358 0.07817959785461426 0
1764170575456 0.06687235832214355 0
1764170575570 0.08334875106811523 0
1764170575655 0.06907010078430176 0
1764170575767 0.09609389305114746 0
1764170575871 0.08411741256713867 0
1764170575975 0.0882413387298584 0
1764170576077 0.09630274772644043 0
1764170576176 0.08368277549743652 0
1764170576276 0.09526395797729492 0
1764170576381 0.08926987648010254 0
1764170576479 0.08199596405029297 0
1764170576593 0.09882497787475586 0
1764170576685 0.07696032524108887 0
1764170576793 0.07591462135314941 0
1764170576907 0.09836244583129883 0
1764170577002 0.08001089096069336 0
1764170577119 0.085540771484375 0
1764170577227 0.09284472465515137 0
1764170577330 0.08658051490783691 0
1764170577430 0.07796931266784668 0
1764170577544 0.09120988845825195 0
1764170577645 0.08526206016540527 0
1764170577733 0.07210898399353027 0
1764170577836 0.07179689407348633 0
1764170577953 0.08065271377563477 0
1764170578053 0.08272695541381836 0
1764170578155 0.09693145751953125 0
1764170578258 0.08226418495178223 0
1764170578353 0.07929539680480957 0
1764170578454 0.07619047164916992 0
1764170578558 0.07803869247436523 0
1764170578654 0.08039426803588867 0
1764170578761 0.09658551216125488 0
1764170578864 0.08364009857177734 0
1764170578974 0.09461688995361328 0
1764170579077 0.0891728401184082 0
1764170579181 0.08918952941894531 0
1764170579267 0.06990885734558105 0
1764170579381 0.09852743148803711 0
1764170579485 0.08776211738586426 0
1764170579591 0.0854952335357666 0
1764170579693 0.08485531806945801 0
1764170579805 0.09604430198669434 0
1764170579926 0.09711265563964844 0
1764170580037 0.09305071830749512 0
1764170580139 0.08484840393066406 0
1764170580257 0.10087871551513672 0
1764170580357 0.08362555503845215 0
1764170580467 0.08643913269042969 0
1764170580584 0.09708738327026367 0
1764170580689 0.08476090431213379 0
1764170580808 0.08895540237426758 0
1764170580915 0.09052252769470215 0
1764170581033 0.10307168960571289 0
1764170581146 0.09681582450866699 0
1764170581262 0.0944831371307373 0
1764170581375 0.09171891212463379 0
1764170581478 0.09100937843322754 0
1764170581584 0.09231853485107422 0
1764170581687 0.08534765243530273 0
1764170581787 0.08230757713317871 0
1764170581873 0.08059310913085938 0
1764170581986 0.08329582214355469 0
1764170582088 0.08613848686218262 0
1764170582180 0.07633757591247559 0
1764170582288 0.09236478805541992 0
1764170582386 0.08259463310241699 0
1764170582493 0.09129118919372559 0
1764170582586 0.07737541198730469 0
1764170582700 0.08277416229248047 0
1764170582803 0.08666300773620605 0
1764170582918 0.10004782676696777 0
1764170583033 0.0996255874633789 0
1764170583144 0.09453368186950684 0
1764170583251 0.08983802795410156 0
1764170583339 0.07209563255310059 0
1764170583442 0.06794452667236328 0
1764170583555 0.08097314834594727 0
1764170583651 0.07662200927734375 0
1764170583760 0.09377932548522949 0
1764170583862 0.08000469207763672 0
1764170583962 0.08230137825012207 0
1764170584064 0.08091139793395996 0
1764170584162 0.08235549926757812 0
1764170584268 0.08326959609985352 0
1764170584374 0.08400654792785645 0
1764170584489 0.09699106216430664 0
1764170584607 0.09353971481323242 0
1764170584722 0.09216976165771484 0
1764170584830 0.08615565299987793 0
1764170584927 0.08131074905395508 0
1764170585055 0.09214544296264648 0
1764170585145 0.07422995567321777 0
1764170585273 0.09525895118713379 0
1764170585398 0.10343194007873535 0
1764170585522 0.10109972953796387 0
1764170585637 0.09691500663757324 0
1764170585748 0.08845400810241699 0
1764170585863 0.08746910095214844 0
1764170585986 0.09583163261413574 0
1764170586081 0.08872842788696289 0
1764170586198 0.10132503509521484 0
1764170586315 0.09339785575866699 0
1764170586436 0.09892582893371582 0
1764170586553 0.0989675521850586 0
1764170586673 0.098388671875 0
1764170586782 0.09218287467956543 0
1764170586880 0.07848954200744629 0
1764170587005 0.0934145450592041 0
1764170587117 0.0950310230255127 0
1764170587229 0.09637856483459473 0
1764170587332 0.08562159538269043 0
1764170587440 0.09228682518005371 0
1764170587544 0.08137869834899902 0
1764170587671 0.09559965133666992 0
1764170587788 0.09935712814331055 0
1764170587897 0.09058451652526855 0
1764170588005 0.09250450134277344 0
1764170588121 0.09606146812438965 0
1764170588243 0.10561394691467285 0
1764170588348 0.08278489112854004 0
1764170588465 0.08063793182373047 0
1764170588586 0.09014129638671875 0
1764170588692 0.0945281982421875 0
1764170588792 0.0837697982788086 0
1764170588912 0.08884429931640625 0
1764170589001 0.07387495040893555 0
1764170589112 0.07891726493835449 0
1764170589208 0.08044242858886719 0
1764170589297 0.07327961921691895 0
1764170589402 0.07381200790405273 0
1764170589512 0.09443187713623047 0
1764170589617 0.08979940414428711 0
1764170589718 0.0855860710144043 0
1764170589823 0.08905315399169922 0
1764170589914 0.07555770874023438 0
1764170590023 0.07775163650512695 0
1764170590136 0.09707021713256836 0
1764170590229 0.07690691947937012 0
1764170590342 0.09771275520324707 0
1764170590435 0.07789301872253418 0
1764170590533 0.08213448524475098 0
1764170590645 0.08062982559204102 0
1764170590748 0.08754467964172363 0
1764170590857 0.08772897720336914 0
1764170590959 0.08627486228942871 0
1764170591063 0.08226609230041504 0
1764170591166 0.08713793754577637 0
1764170591254 0.06893515586853027 0
1764170591369 0.08410000801086426 0
1764170591471 0.08172988891601562 0
1764170591578 0.09287142753601074 0
1764170591682 0.08683180809020996 0
1764170591782 0.08345890045166016 0
1764170591871 0.07856941223144531 0
1764170591981 0.09897041320800781 0
1764170592071 0.0847938060760498 0
1764170592186 0.08854413032531738 0
1764170592272 0.07052183151245117 0
1764170592380 0.09304261207580566 0
1764170592472 0.0759735107421875 0
1764170592592 0.08919167518615723 0
1764170592695 0.08712339401245117 0
1764170592801 0.09058499336242676 0
1764170592896 0.07895779609680176 0
1764170593008 0.09620285034179688 0
1764170593096 0.07266068458557129 0
1764170593195 0.06804561614990234 0
1764170593296 0.06816864013671875 0
1764170593401 0.07388901710510254 0
1764170593502 0.08521747589111328 0
1764170593617 0.0836648941040039 0
1764170593714 0.08156538009643555 0
1764170593817 0.08692646026611328 0
1764170593923 0.09072685241699219 0
1764170594017 0.07812166213989258 0
1764170594113 0.08034825325012207 0
1764170594233 0.08902788162231445 0
1764170594336 0.08692693710327148 0
1764170594432 0.08107256889343262 0
1764170594531 0.08309006690979004 0
1764170594635 0.07284092903137207 0
1764170594732 0.08159804344177246 0
1764170594845 0.09653162956237793 0
1764170594947 0.0865626335144043 0
1764170595050 0.08097648620605469 0
1764170595143 0.07748126983642578 0
1764170595235 0.07301974296569824 0
1764170595348 0.09689664840698242 0
1764170595435 0.06703710556030273 0
1764170595533 0.08167314529418945 0
1764170595645 0.08078837394714355 0
1764170595738 0.07766938209533691 0
1764170595853 0.08339071273803711 0
1764170595945 0.0776207447052002 0
1764170596050 0.08953142166137695 0
1764170596153 0.08729290962219238 0
1764170596258 0.08453750610351562 0
1764170596350 0.07599020004272461 0
1764170596462 0.08229255676269531 0
1764170596559 0.08098435401916504 0
1764170596659 0.07274556159973145 0
1764170596781 0.09009170532226562 0
1764170596881 0.0890815258026123 0
1764170596986 0.08899378776550293 0
1764170597095 0.09423995018005371 0
1764170597211 0.09906983375549316 0
1764170597324 0.08127665519714355 0
1764170597438 0.09913778305053711 0
1764170597548 0.09376811981201172 0
1764170597657 0.08335185050964355 0
1764170597760 0.08090949058532715 0
1764170597879 0.09079742431640625 0
1764170597985 0.09458255767822266 0
1764170598094 0.09267973899841309 0
1764170598216 0.10728883743286133 0
1764170598335 0.08507752418518066 0
1764170598466 0.1019277572631836 0
1764170598592 0.10990548133850098 0
1764170598706 0.09759640693664551 0
1764170598849 0.11141490936279297 0
1764170598976 0.10993266105651855 0
1764170599081 0.10154008865356445 0
1764170599216 0.10365629196166992 0
1764170599330 0.09770989418029785 0
1764170599450 0.10501480102539062 0
1764170599560 0.0938258171081543 0
1764170599665 0.07832837104797363 0
1764170599772 0.09173440933227539 0
1764170599875 0.08708620071411133 0
1764170599976 0.08467555046081543 0
1764170600059 0.06801414489746094 0
1764170600180 0.08966350555419922 0
1764170600288 0.09300041198730469 0
1764170600386 0.08225274085998535 0
1764170600499 0.09808468818664551 0
1764170600595 0.07975029945373535 0
1764170600690 0.07911133766174316 0
1764170600817 0.0958702564239502 0
1764170600908 0.07543540000915527 0
1764170601023 0.08377528190612793 0
1764170601120 0.08118915557861328 0
1764170601223 0.0875701904296875 0
1764170601323 0.08458209037780762 0
1764170601426 0.08773231506347656 0
1764170601514 0.07233190536499023 0
1764170601622 0.0769660472869873 0
1764170601714 0.07559609413146973 0
1764170601823 0.07791352272033691 0
1764170601915 0.07655739784240723 0
1764170602017 0.07132649421691895 0
1764170602136 0.08787322044372559 0
1764170602225 0.07375001907348633 0
1764170602332 0.07517242431640625 0
1764170602438 0.09093117713928223 0
1764170602541 0.08722257614135742 0
1764170602643 0.08569645881652832 0
1764170602748 0.0888528823852539 0
1764170602850 0.08332204818725586 0
1764170602938 0.07170796394348145 0
1764170603050 0.09700894355773926 0
1764170603152 0.0864403247833252 0
1764170603247 0.06894040107727051 0
1764170603360 0.09772515296936035 0
1764170603453 0.0728151798248291 0
1764170603565 0.09718441963195801 0
1764170603653 0.06908154487609863 0
1764170603767 0.09892773628234863 0
1764170603872 0.08391880989074707 0
1764170603977 0.09165024757385254 0
1764170604080 0.08467459678649902 0
1764170604179 0.08245682716369629 0
1764170604288 0.09262561798095703 0
1764170604392 0.08861708641052246 0
1764170604499 0.09147191047668457 0
1764170604592 0.07728052139282227 0
1764170604698 0.09062480926513672 0
1764170604798 0.08374691009521484 0
1764170604899 0.0856163501739502 0
1764170604992 0.07695317268371582 0
1764170605107 0.08400774002075195 0
1764170605217 0.08136510848999023 0
1764170605329 0.09633946418762207 0
1764170605450 0.08730173110961914 0
1764170605574 0.1080772876739502 0
1764170605680 0.09390854835510254 0
1764170605786 0.08988738059997559 0
1764170605894 0.09156203269958496 0
1764170605992 0.08279037475585938 0
1764170606104 0.08080458641052246 0
1764170606207 0.08751821517944336 0
1764170606318 0.0950322151184082 0
1764170606416 0.08249425888061523 0
1764170606530 0.0822744369506836 0
1764170606623 0.0776207447052002 0
1764170606734 0.07990527153015137 0
1764170606838 0.08811116218566895 0
1764170606926 0.07282781600952148 0
1764170607037 0.07951140403747559 0
1764170607153 0.10027122497558594 0
1764170607240 0.06678366661071777 0
1764170607347 0.09129095077514648 0
1764170607456 0.08779382705688477 0
1764170607558 0.08632230758666992 0
1764170607674 0.0831601619720459 0
1764170607779 0.0885465145111084 0
1764170607881 0.08630084991455078 0
1764170607991 0.09396767616271973 0
1764170608111 0.08882260322570801 0
1764170608226 0.09941601753234863 0
1764170608329 0.08770132064819336 0
1764170608438 0.09325218200683594 0
