1764170420485 0.0 0
1764170420587 0.0 0
1764170420665 0.0 0
1764170420754 0.0 0
1764170420838 0.0 0
1764170420917 0.0 0
1764170421007 0.0 0
1764170421087 0.0 0
1764170421179 0.0 0
1764170421265 0.0 0
1764170421351 0.0 0
1764170421433 0.0 0
1764170421513 0.0 0
1764170421608 0.0 0
1764170421693 0.0 0
1764170421779 0.0 0
1764170421863 0.0 0
1764170421954 3.0 0
1764170422033 3.0 0
1764170422118 3.0 0
1764170422209 3.0 0
1764170422293 3.0 0
1764170422378 3.0 0
1764170422466 3.0 0
1764170422550 3.0 0
1764170422633 3.0 0
1764170422711 3.0 0
1764170422805 3.0 0
1764170422889 3.0 0
1764170422973 3.0 0
1764170423056 3.0 0
1764170423142 3.0 0
1764170423233 4.0 0
1764170423311 3.0 0
1764170423407 4.0 0
1764170423490 3.0 0
1764170423573 4.0 0
1764170423656 4.0 0
1764170423735 3.0 0
1764170423827 3.0 0
1764170423911 3.0 0
1764170423998 3.0 0
1764170424090 3.0 0
1764170424175 3.0 0
1764170424262 3.0 0
1764170424350 3.0 0
1764170424434 3.0 0
1764170424511 3.0 0
1764170424610 3.0 0
1764170424692 3.0 0
1764170424778 3.0 0
1764170424869 3.0 0
1764170424954 3.0 0
1764170425039 3.0 0
1764170425111 3.0 0
1764170425209 3.0 0
1764170425290 3.0 0
1764170425367 3.0 0
1764170425454 4.0 0
1764170425535 4.0 0
1764170425627 3.0 0
1764170425711 3.0 0
1764170425795 3.0 0
1764170425884 3.0 0
1764170425966 3.0 0
1764170426056 4.0 0
1764170426135 5.0 0
1764170426228 5.0 0
1764170426311 5.0 0
1764170426396 5.0 0
1764170426485 5.0 0
1764170426566 5.0 0
1764170426656 5.0 0
1764170426742 5.0 0
1764170426830 5.0 0
1764170426912 5.0 0
1764170427003 5.0 0
1764170427087 5.0 0
1764170427171 5.0 0
1764170427263 5.0 0
1764170427350 5.0 0
1764170427437 5.0 0
1764170427517 5.0 0
1764170427608 5.0 0
1764170427705 5.0 0
1764170427792 5.0 0
1764170427875 5.0 0
1764170427959 5.0 0
1764170428044 5.0 0
1764170428131 5.0 0
1764170428214 5.0 0
1764170428301 5.0 0
1764170428384 5.0 0
1764170428469 5.0 0
1764170428553 4.0 0
1764170428638 4.0 0
1764170428732 4.0 0
1764170428813 4.0 0
1764170428899 5.0 0
1764170428985 5.0 0
1764170429075 5.0 0
1764170429161 5.0 0
1764170429244 5.0 0
1764170429336 5.0 0
1764170429420 5.0 0
1764170429511 5.0 0
1764170429590 5.0 0
1764170429674 5.0 0
1764170429764 5.0 0
1764170429844 5.0 0
1764170429950 5.0 0
1764170430051 5.0 0
1764170430135 5.0 0
1764170430220 5.0 0
1764170430310 5.0 0
1764170430404 5.0 0
1764170430487 5.0 0
1764170430576 5.0 0
1764170430662 5.0 0
1764170430747 5.0 0
1764170430832 5.0 0
1764170430916 5.0 0
1764170431005 4.0 0
1764170431092 5.0 0
1764170431173 5.0 0
1764170431256 5.0 0
1764170431348 4.0 0
1764170431437 4.0 0
1764170431525 4.0 0
1764170431613 4.0 0
1764170431704 5.0 0
1764170431790 5.0 0
1764170431880 5.0 0
1764170431965 5.0 0
1764170432054 5.0 0
1764170432146 5.0 0
1764170432230 5.0 0
1764170432318 5.0 0
1764170432404 5.0 0
1764170432488 5.0 0
1764170432578 5.0 0
1764170432668 5.0 0
1764170432753 5.0 0
1764170432844 5.0 0
1764170432932 5.0 0
1764170433018 5.0 0
1764170433099 5.0 0
1764170433190 5.0 0
1764170433274 5.0 0
1764170433361 5.0 0
1764170433450 5.0 0
1764170433535 5.0 0
1764170433620 5.0 0
1764170433710 5.0 0
1764170433795 5.0 0
1764170433887 5.0 0
1764170433971 5.0 0
1764170434056 6.0 0
1764170434141 6.0 0
1764170434229 6.0 0
1764170434316 6.0 0
1764170434408 5.0 0
1764170434494 6.0 0
1764170434585 6.0 0
1764170434674 6.0 0
1764170434766 6.0 0
1764170434852 6.0 0
1764170434928 6.0 0
1764170435019 5.0 0
1764170435098 5.0 0
1764170435190 5.0 0
1764170435275 5.0 0
1764170435369 5.0 0
1764170435456 5.0 0
1764170435541 5.0 0
1764170435633 5.0 0
1764170435716 6.0 0
1764170435803 6.0 0
1764170435890 5.0 0
1764170435977 5.0 0
1764170436065 5.0 0
1764170436152 5.0 0
1764170436257 5.0 0
1764170436341 5.0 0
1764170436430 4.0 0
1764170436517 4.0 0
1764170436608 4.0 0
1764170436692 4.0 0
1764170436781 4.0 0
1764170436868 4.0 0
1764170436961 4.0 0
1764170437049 4.0 0
1764170437134 4.0 0
1764170437220 4.0 0
1764170437310 4.0 0
1764170437399 4.0 0
1764170437482 4.0 0
1764170437569 4.0 0
1764170437656 4.0 0
1764170437741 4.0 0
1764170437833 4.0 0
1764170437916 4.0 0
1764170438008 4.0 0
1764170438098 4.0 0
1764170438185 4.0 0
1764170438271 4.0 0
1764170438353 4.0 0
1764170438437 4.0 0
1764170438533 4.0 0
1764170438619 4.0 0
1764170438716 4.0 0
1764170438803 4.0 0
1764170438888 4.0 0
1764170438977 3.0 0
1764170439066 5.0 0
1764170439153 5.0 0
1764170439237 4.0 0
1764170439322 4.0 0
1764170439408 4.0 0
1764170439492 4.0 0
1764170439586 4.0 0
1764170439668 4.0 0
1764170439762 4.0 0
1764170439844 4.0 0
1764170439934 4.0 0
1764170440029 4.0 0
1764170440114 4.0 0
1764170440203 4.0 0
1764170440291 4.0 0
1764170440373 4.0 0
1764170440463 4.0 0
1764170440549 4.0 0
1764170440644 4.0 0
1764170440764 3.0 0
1764170440879 3.0 0
1764170440969 4.0 0
1764170441056 4.0 0
1764170441140 3.0 0
1764170441233 3.0 0
1764170441316 3.0 0
1764170441414 3.0 0
1764170441505 1.0 0
1764170441595 1.0 0
1764170441679 1.0 0
1764170441767 1.0 0
1764170441854 1.0 0
1764170441940 1.0 0
1764170442025 1.0 0
1764170442110 1.0 0
1764170442195 1.0 0
1764170442284 1.0 0
1764170442369 1.0 0
1764170442454 1.0 0
1764170442535 1.0 0
1764170442625 1.0 0
1764170442711 1.0 0
1764170442795 1.0 0
1764170442874 1.0 0
1764170442962 1.0 0
1764170443044 1.0 0
1764170443129 1.0 0
1764170443220 2.0 0
1764170443308 2.0 0
1764170443395 1.0 0
1764170443487 2.0 0
1764170443577 1.0 0
1764170443656 1.0 0
1764170443747 2.0 0
1764170443833 3.0 0
1764170443914 1.0 0
1764170444001 2.0 0
1764170444088 2.0 0
1764170444172 1.0 0
1764170444256 1.0 0
1764170444348 2.0 0
1764170444439 1.0 0
1764170444523 1.0 0
1764170444608 2.0 0
1764170444689 2.0 0
1764170444777 2.0 0
1764170444866 2.0 0
1764170444947 2.0 0
1764170445034 2.0 0
1764170445116 2.0 0
1764170445205 2.0 0
1764170445292 2.0 0
1764170445374 2.0 0
1764170445455 2.0 0
1764170445540 2.0 0
1764170445630 2.0 0
1764170445718 2.0 0
1764170445807 2.0 0
1764170445891 2.0 0
1764170445984 1.0 0
1764170446068 1.0 0
1764170446160 1.0 0
1764170446243 1.0 0
1764170446325 1.0 0
1764170446411 1.0 0
1764170446498 1.0 0
1764170446589 1.0 0
1764170446675 1.0 0
1764170446758 1.0 0
1764170446843 2.0 0
1764170446931 1.0 0
1764170447021 2.0 0
1764170447105 2.0 0
1764170447189 3.0 0
1764170447273 3.0 0
1764170447358 3.0 0
1764170447443 3.0 0
1764170447531 3.0 0
1764170447610 3.0 0
1764170447691 3.0 0
1764170447782 2.0 0
1764170447867 2.0 0
1764170447953 2.0 0
1764170448038 2.0 0
1764170448120 3.0 0
1764170448208 2.0 0
1764170448291 3.0 0
1764170448381 3.0 0
1764170448467 3.0 0
1764170448549 3.0 0
1764170448637 3.0 0
1764170448725 3.0 0
1764170448812 3.0 0
1764170448903 3.0 0
1764170448988 3.0 0
1764170449068 3.0 0
1764170449158 3.0 0
1764170449243 3.0 0
1764170449334 3.0 0
1764170449421 2.0 0
1764170449507 2.0 0
1764170449589 2.0 0
1764170449673 2.0 0
1764170449758 2.0 0
1764170449843 2.0 0
1764170449934 2.0 0
1764170450019 1.0 0
1764170450107 1.0 0
1764170450188 1.0 0
1764170450273 1.0 0
1764170450358 1.0 0
1764170450443 1.0 0
1764170450533 1.0 0
1764170450622 1.0 0
1764170450708 1.0 0
1764170450789 1.0 0
1764170450879 1.0 0
1764170450966 1.0 0
1764170451050 1.0 0
1764170451133 2.0 0
1764170451223 2.0 0
1764170451309 2.0 0
1764170451394 2.0 0
1764170451488 2.0 0
1764170451581 2.0 0
1764170451661 2.0 0
1764170451749 2.0 0
1764170451836 3.0 0
1764170451922 3.0 0
1764170452006 3.0 0
1764170452091 1.0 0
1764170452178 1.0 0
1764170452255 2.0 0
1764170452352 2.0 0
1764170452436 2.0 0
1764170452521 2.0 0
1764170452606 2.0 0
1764170452689 2.0 0
1764170452776 2.0 0
1764170452855 2.0 0
1764170452940 2.0 0
1764170453027 2.0 0
1764170453111 2.0 0
1764170453194 2.0 0
1764170453280 2.0 0
1764170453377 2.0 0
1764170453463 2.0 0
1764170453549 2.0 0
1764170453636 2.0 0
1764170453722 1.0 0
1764170453807 1.0 0
1764170453890 2.0 0
1764170453974 2.0 0
1764170454056 2.0 0
1764170454146 1.0 0
1764170454233 2.0 0
1764170454315 2.0 0
1764170454404 2.0 0
1764170454489 1.0 0
1764170454571 1.0 0
1764170454654 2.0 0
1764170454733 2.0 0
1764170454812 2.0 0
1764170454906 2.0 0
1764170454988 2.0 0
1764170455073 2.0 0
1764170455157 2.0 0
1764170455242 2.0 0
1764170455327 2.0 0
1764170455410 2.0 0
1764170455491 2.0 0
1764170455580 2.0 0
1764170455664 2.0 0
1764170455752 2.0 0
1764170455836 2.0 0
1764170455915 1.0 0
1764170456004 1.0 0
1764170456091 2.0 0
1764170456179 2.0 0
1764170456268 2.0 0
1764170456356 1.0 0
1764170456436 1.0 0
1764170456521 1.0 0
1764170456607 1.0 0
1764170456691 1.0 0
1764170456780 1.0 0
1764170456865 1.0 0
1764170456950 1.0 0
1764170457036 1.0 0
1764170457121 1.0 0
1764170457206 1.0 0
1764170457291 1.0 0
1764170457380 1.0 0
1764170457460 1.0 0
1764170457545 1.0 0
1764170457634 1.0 0
1764170457715 1.0 0
1764170457805 1.0 0
1764170457888 1.0 0
1764170457972 0.0 0
1764170458055 1.0 0
1764170458146 1.0 0
1764170458230 0.0 0
1764170458315 2.0 0
1764170458401 2.0 0
1764170458491 2.0 0
1764170458589 2.0 0
1764170458690 2.0 0
1764170458794 3.0 0
1764170458890 1.0 0
1764170458993 1.0 0
1764170459107 1.0 0
1764170459212 1.0 0
1764170459321 1.0 0
1764170459427 1.0 0
1764170459531 1.0 0
1764170459642 1.0 0
1764170459748 1.0 0
1764170459855 2.0 0
1764170459957 2.0 0
1764170460067 1.0 0
1764170460172 1.0 0
1764170460280 1.0 0
1764170460392 2.0 0
1764170460497 0.0 0
1764170460608 1.0 0
1764170460715 1.0 0
1764170460827 0.0 0
1764170460929 0.0 0
1764170461036 0.0 0
1764170461140 0.0 0
1764170461242 0.0 0
1764170461348 0.0 0
1764170461454 0.0 0
1764170461557 0.0 0
1764170461665 0.0 0
1764170461775 0.0 0
1764170461879 0.0 0
1764170461987 0.0 0
1764170462096 0.0 0
1764170462205 0.0 0
1764170462311 0.0 0
1764170462412 0.0 0
1764170462522 1.0 0
1764170462630 1.0 0
1764170462735 3.0 0
1764170462842 3.0 0
1764170462957 2.0 0
1764170463065 3.0 0
1764170463171 2.0 0
1764170463280 3.0 0
1764170463388 3.0 0
1764170463497 2.0 0
1764170463593 1.0 0
1764170463697 3.0 0
1764170463807 2.0 0
1764170463909 1.0 0
1764170464011 2.0 0
1764170464121 1.0 0
1764170464225 1.0 0
1764170464333 0.0 0
1764170464437 0.0 0
1764170464549 0.0 0
1764170464654 0.0 0
1764170464758 0.0 0
1764170464866 0.0 0
1764170464984 0.0 0
1764170465097 0.0 0
1764170465216 1.0 0
1764170465349 0.0 0
1764170465472 0.0 0
1764170465602 0.0 0
1764170465729 0.0 0
1764170465853 0.0 0
1764170465978 1.0 0
1764170466097 1.0 0
1764170466211 2.0 0
1764170466329 0.0 0
1764170466435 2.0 0
1764170466539 2.0 0
1764170466642 1.0 0
1764170466751 1.0 0
1764170466855 1.0 0
1764170466957 2.0 0
1764170467067 1.0 0
1764170467177 1.0 0
1764170467279 2.0 0
1764170467390 1.0 0
1764170467496 1.0 0
1764170467604 1.0 0
1764170467711 1.0 0
1764170467826 11.0 0
1764170467939 11.0 0
1764170468054 9.0 0
1764170468163 9.0 0
1764170468266 8.0 0
1764170468383 9.0 0
1764170468491 8.0 0
1764170468603 8.0 0
1764170468714 9.0 0
1764170468828 8.0 0
1764170468938 8.0 0
1764170469043 8.0 0
1764170469153 9.0 0
1764170469266 8.0 0
1764170469379 8.0 0
1764170469490 8.0 0
1764170469602 8.0 0
1764170469715 8.0 0
1764170469811 8.0 0
1764170469933 9.0 0
1764170470048 9.0 0
1764170470157 9.0 0
1764170470267 9.0 0
1764170470382 9.0 0
1764170470491 9.0 0
1764170470604 9.0 0
1764170470714 9.0 0
1764170470823 10.0 0
1764170470933 9.0 0
1764170471044 8.0 0
1764170471156 10.0 0
1764170471266 9.0 0
1764170471380 9.0 0
1764170471490 11.0 0
1764170471602 11.0 0
1764170471708 11.0 0
1764170471811 10.0 0
1764170471920 10.0 0
1764170472031 10.0 0
1764170472146 10.0 0
1764170472260 10.0 0
1764170472393 9.0 0
1764170472507 10.0 0
1764170472631 8.0 0
1764170472744 8.0 0
1764170472860 7.0 0
1764170472973 8.0 0
1764170473087 9.0 0
1764170473201 9.0 0
1764170473312 8.0 0
1764170473425 10.0 0
1764170473533 9.0 0
1764170473642 9.0 0
1764170473755 8.0 0
1764170473866 8.0 0
1764170473977 8.0 0
1764170474088 8.0 0
1764170474193 8.0 0
1764170474314 8.0 0
1764170474426 8.0 0
1764170474538 9.0 0
1764170474649 8.0 0
1764170474752 8.0 0
1764170474861 8.0 0
1764170474967 8.0 0
1764170475078 8.0 0
1764170475189 9.0 0
1764170475303 8.0 0
1764170475411 7.0 0
1764170475527 7.0 0
1764170475635 7.0 0
1764170475752 7.0 0
1764170475862 7.0 0
1764170475976 8.0 0
1764170476091 7.0 0
1764170476204 7.0 0
1764170476314 7.0 0
1764170476427 7.0 0
1764170476536 7.0 0
1764170476653 7.0 0
1764170476768 5.0 0
1764170476878 4.0 0
1764170476992 3.0 0
1764170477108 5.0 0
1764170477211 5.0 0
1764170477320 4.0 0
1764170477425 4.0 0
1764170477534 5.0 0
1764170477641 5.0 0
1764170477753 5.0 0
1764170477861 3.0 0
1764170477984 5.0 0
1764170478090 4.0 0
1764170478203 4.0 0
1764170478314 4.0 0
1764170478427 5.0 0
1764170478536 4.0 0
1764170478648 4.0 0
1764170478756 3.0 0
1764170478862 3.0 0
1764170478974 3.0 0
1764170479077 3.0 0
1764170479192 3.0 0
1764170479307 4.0 0
1764170479410 4.0 0
1764170479530 2.0 0
1764170479648 2.0 0
1764170479756 2.0 0
1764170479870 2.0 0
1764170479981 4.0 0
1764170480088 3.0 0
1764170480201 3.0 0
1764170480306 3.0 0
1764170480410 3.0 0
1764170480513 2.0 0
1764170480635 3.0 0
1764170480751 3.0 0
1764170480860 3.0 0
1764170480973 3.0 0
1764170481084 3.0 0
1764170481189 3.0 0
1764170481296 3.0 0
1764170481408 3.0 0
1764170481520 2.0 0
1764170481634 2.0 0
1764170481750 2.0 0
1764170481865 2.0 0
1764170481976 2.0 0
1764170482077 1.0 0
1764170482192 1.0 0
1764170482311 2.0 0
1764170482410 1.0 0
1764170482534 1.0 0
1764170482641 1.0 0
1764170482755 1.0 0
1764170482859 1.0 0
1764170482973 1.0 0
1764170483089 2.0 0
1764170483200 2.0 0
1764170483304 1.0 0
1764170483410 1.0 0
1764170483525 3.0 0
1764170483633 4.0 0
1764170483745 5.0 0
1764170483856 4.0 0
1764170483969 5.0 0
1764170484077 6.0 0
1764170484188 4.0 0
1764170484296 5.0 0
1764170484410 4.0 0
1764170484520 4.0 0
1764170484634 5.0 0
1764170484737 3.0 0
1764170484828 4.0 0
1764170484944 4.0 0
1764170485058 3.0 0
1764170485169 3.0 0
1764170485271 3.0 0
1764170485377 3.0 0
1764170485488 3.0 0
1764170485592 3.0 0
1764170485695 4.0 0
1764170485812 4.0 0
1764170485913 3.0 0
1764170486027 3.0 0
1764170486131 3.0 0
1764170486241 4.0 0
1764170486344 4.0 0
1764170486453 3.0 0
1764170486565 3.0 0
1764170486667 2.0 0
1764170486773 2.0 0
1764170486877 1.0 0
1764170486983 1.0 0
1764170487095 1.0 0
1764170487198 1.0 0
1764170487310 1.0 0
1764170487417 1.0 0
1764170487529 1.0 0
1764170487634 1.0 0
1764170487744 1.0 0
1764170487853 1.0 0
1764170487965 1.0 0
1764170488071 1.0 0
1764170488177 1.0 0
1764170488277 1.0 0
1764170488386 1.0 0
1764170488489 1.0 0
1764170488599 1.0 0
1764170488708 1.0 0
1764170488813 1.0 0
1764170488913 1.0 0
1764170489027 1.0 0
1764170489128 1.0 0
1764170489228 1.0 0
1764170489343 1.0 0
1764170489453 1.0 0
1764170489563 1.0 0
1764170489671 2.0 0
1764170489778 2.0 0
1764170489884 1.0 0
1764170489985 1.0 0
1764170490089 1.0 0
1764170490192 1.0 0
1764170490308 1.0 0
1764170490416 2.0 0
1764170490519 1.0 0
1764170490628 1.0 0
1764170490735 2.0 0
1764170490840 1.0 0
1764170490950 1.0 0
1764170491063 1.0 0
1764170491172 1.0 0
1764170491270 1.0 0
1764170491383 2.0 0
1764170491489 2.0 0
1764170491598 2.0 0
1764170491704 2.0 0
1764170491813 1.0 0
1764170491919 1.0 0
1764170492029 1.0 0
1764170492135 2.0 0
1764170492240 2.0 0
1764170492350 2.0 0
1764170492460 2.0 0
1764170492568 2.0 0
1764170492677 2.0 0
1764170492789 2.0 0
1764170492905 1.0 0
1764170493010 1.0 0
1764170493119 2.0 0
1764170493231 2.0 0
1764170493343 1.0 0
1764170493453 1.0 0
1764170493556 2.0 0
1764170493662 3.0 0
1764170493770 3.0 0
1764170493877 1.0 0
1764170493986 1.0 0
1764170494094 1.0 0
1764170494198 3.0 0
1764170494308 4.0 0
1764170494422 3.0 0
1764170494528 4.0 0
1764170494631 4.0 0
1764170494737 4.0 0
1764170494840 4.0 0
1764170494952 4.0 0
1764170495055 2.0 0
1764170495156 2.0 0
1764170495265 2.0 0
1764170495380 2.0 0
1764170495489 2.0 0
1764170495591 2.0 0
1764170495703 2.0 0
1764170495814 2.0 0
1764170495919 4.0 0
1764170496024 4.0 0
1764170496131 4.0 0
1764170496234 3.0 0
1764170496337 4.0 0
1764170496450 3.0 0
1764170496555 5.0 0
1764170496665 3.0 0
1764170496773 4.0 0
1764170496876 3.0 0
1764170496987 4.0 0
1764170497095 4.0 0
1764170497206 4.0 0
1764170497311 4.0 0
1764170497422 4.0 0
1764170497534 4.0 0
1764170497652 4.0 0
1764170497761 3.0 0
1764170497869 4.0 0
1764170497980 5.0 0
1764170498089 3.0 0
1764170498198 4.0 0
1764170498304 3.0 0
1764170498408 4.0 0
1764170498512 3.0 0
1764170498627 4.0 0
1764170498735 3.0 0
1764170498851 4.0 0
1764170498967 4.0 0
1764170499076 4.0 0
1764170499189 3.0 0
1764170499301 3.0 0
1764170499413 3.0 0
1764170499519 3.0 0
1764170499632 3.0 0
1764170499736 3.0 0
1764170499846 4.0 0
1764170499955 3.0 0
1764170500064 3.0 0
1764170500172 2.0 0
1764170500277 2.0 0
1764170500391 2.0 0
1764170500502 1.0 0
1764170500613 1.0 0
1764170500719 1.0 0
1764170500829 1.0 0
1764170500937 1.0 0
1764170501040 0.0 0
1764170501143 0.0 0
1764170501247 0.0 0
1764170501355 1.0 0
1764170501458 0.0 0
1764170501565 1.0 0
1764170501670 1.0 0
1764170501782 1.0 0
1764170501885 1.0 0
1764170501991 1.0 0
1764170502101 1.0 0
1764170502209 1.0 0
1764170502318 2.0 0
1764170502434 2.0 0
1764170502543 2.0 0
1764170502648 2.0 0
1764170502755 2.0 0
1764170502858 2.0 0
1764170502968 2.0 0
1764170503071 1.0 0
1764170503181 2.0 0
1764170503285 2.0 0
1764170503391 2.0 0
1764170503503 3.0 0
1764170503613 3.0 0
1764170503719 3.0 0
1764170503830 3.0 0
1764170503931 3.0 0
1764170504035 3.0 0
1764170504143 3.0 0
1764170504257 4.0 0
1764170504374 4.0 0
1764170504485 4.0 0
1764170504591 4.0 0
1764170504706 3.0 0
1764170504821 3.0 0
1764170504936 3.0 0
1764170505046 3.0 0
1764170505155 2.0 0
1764170505265 2.0 0
1764170505378 2.0 0
1764170505485 3.0 0
1764170505597 3.0 0
1764170505708 4.0 0
1764170505815 2.0 0
1764170505912 2.0 0
1764170506032 2.0 0
1764170506136 2.0 0
1764170506240 1.0 0
1764170506355 1.0 0
1764170506465 0.0 0
1764170506574 1.0 0
1764170506685 1.0 0
1764170506803 1.0 0
1764170506912 2.0 0
1764170507051 1.0 0
1764170507176 0.0 0
1764170507306 1.0 0
1764170507422 1.0 0
1764170507543 2.0 0
1764170507657 3.0 0
1764170507778 2.0 0
1764170507894 3.0 0
1764170508010 2.0 0
1764170508125 2.0 0
1764170508234 2.0 0
1764170508355 2.0 0
1764170508470 2.0 0
1764170508580 2.0 0
1764170508689 2.0 0
1764170508797 2.0 0
1764170508906 2.0 0
1764170509015 2.0 0
1764170509128 2.0 0
1764170509239 2.0 0
1764170509343 1.0 0
1764170509454 1.0 0
1764170509565 1.0 0
1764170509671 1.0 0
1764170509776 1.0 0
1764170509885 2.0 0
1764170509993 3.0 0
1764170510104 2.0 0
1764170510215 2.0 0
1764170510328 2.0 0
1764170510434 2.0 0
1764170510543 2.0 0
1764170510657 2.0 0
1764170510771 2.0 0
1764170510876 2.0 0
1764170510985 2.0 0
1764170511090 2.0 0
1764170511190 2.0 0
1764170511311 2.0 0
1764170511421 2.0 0
1764170511536 2.0 0
1764170511639 2.0 0
1764170511742 2.0 0
1764170511851 2.0 0
1764170511960 3.0 0
1764170512069 3.0 0
1764170512176 3.0 0
1764170512289 2.0 0
1764170512405 2.0 0
1764170512512 3.0 0
1764170512629 2.0 0
1764170512736 3.0 0
1764170512851 3.0 0
1764170512963 3.0 0
1764170513070 2.0 0
1764170513179 2.0 0
1764170513287 2.0 0
1764170513390 2.0 0
1764170513506 3.0 0
1764170513614 2.0 0
1764170513724 2.0 0
1764170513833 3.0 0
1764170513942 3.0 0
1764170514056 3.0 0
1764170514172 2.0 0
1764170514284 3.0 0
1764170514390 3.0 0
1764170514507 2.0 0
1764170514615 3.0 0
1764170514730 3.0 0
1764170514833 3.0 0
1764170514950 3.0 0
1764170515057 3.0 0
1764170515168 3.0 0
1764170515276 3.0 0
1764170515389 3.0 0
1764170515493 4.0 0
1764170515607 5.0 0
1764170515711 4.0 0
1764170515821 2.0 0
1764170515928 3.0 0
1764170516033 3.0 0
1764170516142 3.0 0
1764170516257 3.0 0
1764170516360 2.0 0
1764170516469 3.0 0
1764170516578 2.0 0
1764170516691 2.0 0
1764170516796 2.0 0
1764170516906 2.0 0
1764170517010 2.0 0
1764170517124 3.0 0
1764170517227 2.0 0
1764170517336 2.0 0
1764170517439 2.0 0
1764170517549 2.0 0
1764170517657 2.0 0
1764170517763 2.0 0
1764170517870 3.0 0
1764170517978 2.0 0
1764170518088 2.0 0
1764170518191 2.0 0
1764170518302 2.0 0
1764170518414 2.0 0
1764170518511 2.0 0
1764170518633 2.0 0
1764170518748 2.0 0
1764170518853 2.0 0
1764170518955 2.0 0
1764170519068 2.0 0
1764170519174 2.0 0
1764170519282 2.0 0
1764170519390 2.0 0
1764170519493 2.0 0
1764170519605 2.0 0
1764170519709 3.0 0
1764170519821 2.0 0
1764170519929 3.0 0
1764170520039 2.0 0
1764170520148 2.0 0
1764170520256 3.0 0
1764170520367 3.0 0
1764170520475 2.0 0
1764170520583 3.0 0
1764170520688 3.0 0
1764170520796 2.0 0
1764170520908 2.0 0
1764170521014 2.0 0
1764170521125 2.0 0
1764170521230 2.0 0
1764170521335 2.0 0
1764170521439 2.0 0
1764170521549 2.0 0
1764170521654 2.0 0
1764170521762 2.0 0
1764170521875 2.0 0
1764170521984 2.0 0
1764170522094 2.0 0
1764170522202 2.0 0
1764170522311 2.0 0
1764170522420 2.0 0
1764170522528 2.0 0
1764170522633 2.0 0
1764170522742 2.0 0
1764170522846 2.0 0
1764170522954 2.0 0
1764170523063 2.0 0
1764170523174 2.0 0
1764170523285 2.0 0
1764170523396 2.0 0
1764170523508 2.0 0
1764170523614 2.0 0
1764170523731 2.0 0
1764170523839 2.0 0
1764170523950 2.0 0
1764170524056 2.0 0
1764170524167 2.0 0
1764170524275 2.0 0
1764170524388 2.0 0
1764170524496 2.0 0
1764170524609 2.0 0
1764170524711 2.0 0
1764170524831 2.0 0
1764170524935 3.0 0
1764170525051 3.0 0
1764170525155 2.0 0
1764170525269 2.0 0
1764170525380 2.0 0
1764170525492 3.0 0
1764170525596 2.0 0
1764170525706 2.0 0
1764170525814 2.0 0
1764170525927 2.0 0
1764170526032 2.0 0
1764170526135 2.0 0
1764170526249 2.0 0
1764170526354 2.0 0
1764170526467 2.0 0
1764170526579 2.0 0
1764170526686 2.0 0
1764170526790 3.0 0
1764170526892 3.0 0
1764170526997 2.0 0
1764170527111 3.0 0
1764170527226 2.0 0
1764170527333 2.0 0
1764170527445 2.0 0
1764170527554 3.0 0
1764170527663 3.0 0
1764170527773 3.0 0
1764170527888 2.0 0
1764170527997 3.0 0
1764170528108 2.0 0
1764170528220 3.0 0
1764170528329 3.0 0
1764170528434 3.0 0
1764170528535 4.0 0
1764170528644 4.0 0
1764170528753 4.0 0
1764170528866 4.0 0
1764170528975 4.0 0
1764170529083 4.0 0
1764170529188 4.0 0
1764170529303 5.0 0
1764170529409 5.0 0
1764170529504 5.0 0
1764170529620 5.0 0
1764170529735 4.0 0
1764170529838 4.0 0
1764170529949 4.0 0
1764170530066 4.0 0
1764170530177 4.0 0
1764170530286 4.0 0
1764170530396 4.0 0
1764170530501 5.0 0
1764170530613 4.0 0
1764170530711 4.0 0
1764170530832 4.0 0
1764170530941 4.0 0
1764170531054 4.0 0
1764170531162 4.0 0
1764170531266 4.0 0
1764170531372 5.0 0
1764170531485 4.0 0
1764170531605 4.0 0
1764170531710 4.0 0
1764170531820 4.0 0
1764170531932 4.0 0
1764170532044 4.0 0
1764170532163 4.0 0
1764170532269 4.0 0
1764170532376 4.0 0
1764170532482 5.0 0
1764170532587 6.0 0
1764170532692 7.0 0
1764170532805 5.0 0
1764170532910 5.0 0
1764170533020 5.0 0
1764170533124 6.0 0
1764170533234 6.0 0
1764170533341 7.0 0
1764170533444 5.0 0
1764170533553 5.0 0
1764170533656 4.0 0
1764170533773 5.0 0
1764170533888 5.0 0
1764170533995 5.0 0
1764170534119 4.0 0
1764170534237 6.0 0
1764170534353 4.0 0
1764170534519 6.0 0
1764170535287 4.0 0
1764170535439 6.0 0
1764170535605 5.0 0
1764170535755 6.0 0
1764170535904 6.0 0
1764170536036 6.0 0
1764170536185 6.0 0
1764170536321 6.0 0
1764170536464 6.0 0
1764170536604 6.0 0
1764170536740 6.0 0
1764170536887 6.0 0
1764170537005 4.0 0
1764170537138 4.0 0
1764170537247 4.0 0
1764170537383 5.0 0
1764170537484 5.0 0
1764170537605 4.0 0
1764170537712 4.0 0
1764170537830 4.0 0
1764170537939 3.0 0
1764170538047 3.0 0
1764170538142 4.0 0
1764170538260 5.0 0
1764170538363 3.0 0
1764170538465 5.0 0
1764170538577 2.0 0
1764170538677 4.0 0
1764170538780 3.0 0
1764170538884 2.0 0
1764170538999 4.0 0
1764170539109 5.0 0
1764170539230 4.0 0
1764170539333 4.0 0
1764170539448 4.0 0
1764170539557 5.0 0
1764170539672 5.0 0
1764170539795 4.0 0
1764170539891 4.0 0
1764170540012 4.0 0
1764170540120 4.0 0
1764170540251 4.0 0
1764170540357 3.0 0
1764170540466 4.0 0
1764170540592 3.0 0
1764170540718 3.0 0
1764170540831 3.0 0
1764170540971 4.0 0
1764170541088 4.0 0
1764170541220 4.0 0
1764170541348 4.0 0
1764170541462 4.0 0
1764170541600 4.0 0
1764170541719 4.0 0
1764170541843 4.0 0
1764170541973 5.0 0
1764170542100 3.0 0
1764170542236 4.0 0
1764170542345 4.0 0
1764170542477 4.0 0
1764170542611 3.0 0
1764170542740 3.0 0
1764170542858 4.0 0
1764170542982 4.0 0
1764170543099 4.0 0
1764170543211 4.0 0
1764170543311 3.0 0
1764170543430 3.0 0
1764170543532 3.0 0
1764170543635 3.0 0
1764170543739 3.0 0
1764170543843 4.0 0
1764170543951 5.0 0
1764170544066 5.0 0
1764170544182 5.0 0
1764170544296 6.0 0
1764170544412 7.0 0
1764170544515 6.0 0
1764170544614 8.0 0
1764170544727 8.0 0
1764170544836 6.0 0
1764170544940 7.0 0
1764170545049 6.0 0
1764170545173 7.0 0
1764170545293 8.0 0
1764170545430 6.0 0
1764170545554 4.0 0
1764170545688 4.0 0
1764170545819 5.0 0
1764170545948 5.0 0
1764170546060 5.0 0
1764170546183 5.0 0
1764170546296 4.0 0
1764170546414 5.0 0
1764170546514 5.0 0
1764170546629 5.0 0
1764170546733 5.0 0
1764170546845 5.0 0
1764170546946 5.0 0
1764170547067 5.0 0
1764170547180 5.0 0
1764170547284 5.0 0
1764170547382 4.0 0
1764170547496 4.0 0
1764170547597 4.0 0
1764170547699 5.0 0
1764170547805 5.0 0
1764170547916 6.0 0
1764170548016 5.0 0
1764170548120 5.0 0
1764170548216 6.0 0
1764170548326 6.0 0
1764170548435 7.0 0
1764170548544 6.0 0
1764170548638 5.0 0
1764170548750 4.0 0
1764170548838 5.0 0
1764170548948 5.0 0
1764170549059 6.0 0
1764170549163 5.0 0
1764170549260 6.0 0
1764170549367 6.0 0
1764170549472 6.0 0
1764170549579 7.0 0
1764170549668 7.0 0
1764170549782 7.0 0
1764170549889 7.0 0
1764170549989 6.0 0
1764170550108 8.0 0
1764170550218 7.0 0
1764170550326 7.0 0
1764170550426 8.0 0
1764170550529 6.0 0
1764170550642 6.0 0
1764170550735 7.0 0
1764170550848 7.0 0
1764170550951 7.0 0
1764170551053 8.0 0
1764170551146 8.0 0
1764170551259 7.0 0
1764170551369 8.0 0
1764170551456 6.0 0
1764170551572 7.0 0
1764170551672 7.0 0
1764170551775 8.0 0
1764170551872 8.0 0
1764170551983 9.0 0
1764170552084 9.0 0
1764170552220 9.0 0
1764170552341 9.0 0
1764170552448 9.0 0
1764170552570 9.0 0
1764170552672 8.0 0
1764170552788 7.0 0
1764170552896 7.0 0
1764170553000 7.0 0
1764170553101 6.0 0
1764170553204 7.0 0
1764170553313 8.0 0
1764170553422 8.0 0
1764170553526 8.0 0
1764170553629 6.0 0
1764170553738 8.0 0
1764170553841 6.0 0
1764170553935 8.0 0
1764170554054 7.0 0
1764170554141 6.0 0
1764170554254 6.0 0
1764170554353 6.0 0
1764170554465 6.0 0
1764170554559 6.0 0
1764170554677 6.0 0
1764170554782 7.0 0
1764170554890 7.0 0
1764170555005 8.0 0
1764170555108 6.0 0
1764170555204 6.0 0
1764170555319 6.0 0
1764170555410 6.0 0
1764170555525 6.0 0
1764170555626 5.0 0
1764170555732 6.0 0
1764170555841 7.0 0
1764170555950 5.0 0
1764170556060 6.0 0
1764170556171 7.0 0
1764170556273 7.0 0
1764170556377 7.0 0
1764170556477 7.0 0
1764170556582 7.0 0
1764170556695 7.0 0
1764170556804 7.0 0
1764170556907 7.0 0
1764170557019 8.0 0
1764170557127 7.0 0
1764170557228 7.0 0
1764170557338 7.0 0
1764170557432 6.0 0
1764170557544 6.0 0
1764170557643 5.0 0
1764170557753 7.0 0
1764170557843 7.0 0
1764170557964 7.0 0
1764170558064 6.0 0
1764170558180 6.0 0
1764170558268 6.0 0
1764170558388 6.0 0
1764170558489 6.0 0
1764170558598 6.0 0
1764170558702 5.0 0
1764170558819 5.0 0
1764170558930 5.0 0
1764170559035 5.0 0
1764170559145 5.0 0
1764170559266 5.0 0
1764170559359 5.0 0
1764170559476 5.0 0
1764170559582 5.0 0
1764170559690 5.0 0
1764170559788 5.0 0
1764170559901 5.0 0
1764170560003 5.0 0
1764170560114 5.0 0
1764170560219 5.0 0
1764170560316 5.0 0
1764170560429 5.0 0
1764170560533 5.0 0
1764170560641 5.0 0
1764170560741 5.0 0
1764170560844 5.0 0
1764170560962 5.0 0
1764170561049 5.0 0
1764170561158 5.0 0
1764170561264 5.0 0
1764170561353 5.0 0
1764170561456 5.0 0
1764170561577 5.0 0
1764170561674 5.0 0
1764170561787 5.0 0
1764170561895 5.0 0
1764170561996 5.0 0
1764170562102 5.0 0
1764170562206 5.0 0
1764170562298 5.0 0
1764170562413 5.0 0
1764170562514 5.0 0
1764170562613 5.0 0
1764170562704 5.0 0
1764170562809 5.0 0
1764170562903 5.0 0
1764170563009 5.0 0
1764170563124 5.0 0
1764170563219 5.0 0
1764170563336 5.0 0
1764170563441 5.0 0
1764170563541 5.0 0
1764170563660 5.0 0
1764170563766 7.0 0
1764170563871 7.0 0
1764170563979 5.0 0
1764170564083 5.0 0
1764170564181 6.0 0
1764170564295 5.0 0
1764170564394 5.0 0
1764170564506 5.0 0
1764170564603 5.0 0
1764170564698 5.0 0
1764170564804 5.0 0
1764170564904 4.0 0
1764170565013 4.0 0
1764170565131 4.0 0
1764170565241 5.0 0
1764170565338 4.0 0
1764170565440 4.0 0
1764170565544 6.0 0
1764170565643 4.0 0
1764170565755 4.0 0
1764170565850 4.0 0
1764170565962 5.0 0
1764170566065 6.0 0
1764170566157 6.0 0
1764170566277 6.0 0
1764170566382 5.0 0
1764170566483 6.0 0
1764170566609 5.0 0
1764170566740 5.0 0
1764170566876 5.0 0
1764170567003 5.0 0
1764170567135 6.0 0
1764170567255 6.0 0
1764170567381 6.0 0
1764170567490 6.0 0
1764170567612 6.0 0
1764170567725 4.0 0
1764170567842 4.0 0
1764170567974 4.0 0
1764170568083 5.0 0
1764170568219 4.0 0
1764170568342 4.0 0
1764170568449 4.0 0
1764170568579 4.0 0
1764170568689 4.0 0
1764170568815 4.0 0
1764170568924 4.0 0
1764170569042 4.0 0
1764170569164 4.0 0
1764170569265 4.0 0
1764170569381 4.0 0
1764170569483 5.0 0
1764170569594 4.0 0
1764170569706 4.0 0
1764170569803 4.0 0
1764170569920 4.0 0
1764170570018 4.0 0
1764170570131 4.0 0
1764170570240 4.0 0
1764170570349 5.0 0
1764170570458 4.0 0
1764170570564 4.0 0
1764170570664 4.0 0
1764170570781 4.0 0
1764170570891 4.0 0
1764170571012 4.0 0
1764170571125 4.0 0
1764170571252 4.0 0
1764170571380 5.0 0
1764170571503 4.0 0
1764170571618 4.0 0
1764170571746 4.0 0
1764170571875 4.0 0
1764170572004 4.0 0
1764170572120 4.0 0
1764170572256 4.0 0
1764170572388 4.0 0
1764170572516 5.0 0
1764170572656 4.0 0
1764170572787 4.0 0
1764170572922 4.0 0
1764170573056 4.0 0
1764170573197 4.0 0
1764170573323 4.0 0
1764170573434 4.0 0
1764170573550 5.0 0
1764170573686 5.0 0
1764170573797 6.0 0
1764170573922 5.0 0
1764170574049 5.0 0
1764170574155 7.0 0
1764170574293 6.0 0
1764170574410 6.0 0
1764170574509 4.0 0
1764170574618 4.0 0
1764170574715 4.0 0
1764170574834 4.0 0
1764170574943 4.0 0
1764170575049 5.0 0
1764170575155 4.0 0
1764170575264 4.0 0
1764170575358 3.0 0
1764170575456 3.0 0
1764170575570 4.0 0
1764170575655 4.0 0
1764170575767 5.0 0
1764170575871 4.0 0
1764170575975 4.0 0
1764170576077 4.0 0
1764170576176 4.0 0
1764170576276 4.0 0
1764170576381 5.0 0
1764170576479 5.0 0
1764170576593 4.0 0
1764170576685 3.0 0
1764170576793 3.0 0
1764170576907 2.0 0
1764170577002 4.0 0
1764170577119 4.0 0
1764170577227 4.0 0
1764170577330 3.0 0
1764170577430 3.0 0
1764170577544 3.0 0
1764170577645 3.0 0
1764170577733 3.0 0
1764170577836 3.0 0
1764170577953 2.0 0
1764170578053 3.0 0
1764170578155 3.0 0
1764170578258 3.0 0
1764170578353 3.0 0
1764170578454 3.0 0
1764170578558 1.0 0
1764170578654 3.0 0
1764170578761 3.0 0
1764170578864 3.0 0
1764170578974 3.0 0
1764170579077 3.0 0
1764170579181 3.0 0
1764170579267 3.0 0
1764170579381 3.0 0
1764170579485 3.0 0
1764170579591 3.0 0
1764170579693 3.0 0
1764170579805 3.0 0
1764170579926 3.0 0
1764170580037 2.0 0
1764170580139 3.0 0
1764170580257 3.0 0
1764170580357 3.0 0
1764170580467 4.0 0
1764170580584 4.0 0
1764170580689 3.0 0
1764170580808 3.0 0
1764170580915 3.0 0
1764170581033 3.0 0
1764170581146 3.0 0
1764170581262 3.0 0
1764170581375 2.0 0
1764170581478 2.0 0
1764170581584 2.0 0
1764170581687 2.0 0
1764170581787 2.0 0
1764170581873 2.0 0
1764170581986 2.0 0
1764170582088 4.0 0
1764170582180 2.0 0
1764170582288 2.0 0
1764170582386 3.0 0
1764170582493 2.0 0
1764170582586 3.0 0
1764170582700 3.0 0
1764170582803 4.0 0
1764170582918 4.0 0
1764170583033 3.0 0
1764170583144 2.0 0
1764170583251 2.0 0
1764170583339 2.0 0
1764170583442 2.0 0
1764170583555 3.0 0
1764170583651 3.0 0
1764170583760 3.0 0
1764170583862 4.0 0
1764170583962 4.0 0
1764170584064 4.0 0
1764170584162 3.0 0
1764170584268 3.0 0
1764170584374 3.0 0
1764170584489 4.0 0
1764170584607 4.0 0
1764170584722 4.0 0
1764170584830 4.0 0
1764170584927 4.0 0
1764170585055 4.0 0
1764170585145 4.0 0
1764170585273 4.0 0
1764170585398 4.0 0
1764170585522 5.0 0
1764170585637 4.0 0
1764170585748 4.0 0
1764170585863 4.0 0
1764170585986 4.0 0
1764170586081 4.0 0
1764170586198 4.0 0
1764170586315 4.0 0
1764170586436 5.0 0
1764170586553 4.0 0
1764170586673 4.0 0
1764170586782 4.0 0
1764170586880 4.0 0
1764170587005 4.0 0
1764170587117 4.0 0
1764170587229 4.0 0
1764170587332 3.0 0
1764170587440 3.0 0
1764170587544 3.0 0
1764170587671 3.0 0
1764170587788 4.0 0
1764170587897 4.0 0
1764170588005 4.0 0
1764170588121 4.0 0
1764170588243 4.0 0
1764170588348 4.0 0
1764170588465 4.0 0
1764170588586 4.0 0
1764170588692 4.0 0
1764170588792 3.0 0
1764170588912 3.0 0
1764170589001 3.0 0
1764170589112 3.0 0
1764170589208 3.0 0
1764170589297 3.0 0
1764170589402 3.0 0
1764170589512 3.0 0
1764170589617 3.0 0
1764170589718 3.0 0
1764170589823 3.0 0
1764170589914 4.0 0
1764170590023 3.0 0
1764170590136 3.0 0
1764170590229 4.0 0
1764170590342 4.0 0
1764170590435 4.0 0
1764170590533 4.0 0
1764170590645 4.0 0
1764170590748 4.0 0
1764170590857 4.0 0
1764170590959 4.0 0
1764170591063 4.0 0
1764170591166 4.0 0
1764170591254 4.0 0
1764170591369 4.0 0
1764170591471 4.0 0
1764170591578 4.0 0
1764170591682 4.0 0
1764170591782 4.0 0
1764170591871 4.0 0
1764170591981 5.0 0
1764170592071 3.0 0
1764170592186 3.0 0
1764170592272 3.0 0
1764170592380 3.0 0
1764170592472 3.0 0
1764170592592 3.0 0
1764170592695 3.0 0
1764170592801 4.0 0
1764170592896 4.0 0
1764170593008 4.0 0
1764170593096 4.0 0
1764170593195 4.0 0
1764170593296 3.0 0
1764170593401 3.0 0
1764170593502 3.0 0
1764170593617 3.0 0
1764170593714 3.0 0
1764170593817 3.0 0
1764170593923 3.0 0
1764170594017 2.0 0
1764170594113 2.0 0
1764170594233 3.0 0
1764170594336 3.0 0
1764170594432 2.0 0
1764170594531 3.0 0
1764170594635 3.0 0
1764170594732 2.0 0
1764170594845 2.0 0
1764170594947 3.0 0
1764170595050 3.0 0
1764170595143 3.0 0
1764170595235 3.0 0
1764170595348 3.0 0
1764170595435 3.0 0
1764170595533 3.0 0
1764170595645 3.0 0
1764170595738 2.0 0
1764170595853 2.0 0
1764170595945 2.0 0
1764170596050 2.0 0
1764170596153 2.0 0
1764170596258 3.0 0
1764170596350 3.0 0
1764170596462 3.0 0
1764170596559 3.0 0
1764170596659 3.0 0
1764170596781 2.0 0
1764170596881 2.0 0
1764170596986 2.0 0
1764170597095 2.0 0
1764170597211 2.0 0
1764170597324 2.0 0
1764170597438 3.0 0
1764170597548 3.0 0
1764170597657 1.0 0
1764170597760 2.0 0
1764170597879 2.0 0
1764170597985 2.0 0
1764170598094 2.0 0
1764170598216 4.0 0
1764170598335 2.0 0
1764170598466 3.0 0
1764170598592 3.0 0
1764170598706 3.0 0
1764170598849 4.0 0
1764170598976 3.0 0
1764170599081 3.0 0
1764170599216 3.0 0
1764170599330 3.0 0
1764170599450 2.0 0
1764170599560 4.0 0
1764170599665 2.0 0
1764170599772 3.0 0
1764170599875 2.0 0
1764170599976 2.0 0
1764170600059 2.0 0
1764170600180 2.0 0
1764170600288 2.0 0
1764170600386 2.0 0
1764170600499 2.0 0
1764170600595 2.0 0
1764170600690 2.0 0
1764170600817 2.0 0
1764170600908 2.0 0
1764170601023 2.0 0
1764170601120 2.0 0
1764170601223 3.0 0
1764170601323 2.0 0
1764170601426 2.0 0
1764170601514 2.0 0
1764170601622 4.0 0
1764170601714 4.0 0
1764170601823 2.0 0
1764170601915 3.0 0
1764170602017 2.0 0
1764170602136 3.0 0
1764170602225 3.0 0
1764170602332 3.0 0
1764170602438 3.0 0
1764170602541 2.0 0
1764170602643 2.0 0
1764170602748 2.0 0
1764170602850 2.0 0
1764170602938 3.0 0
1764170603050 3.0 0
1764170603152 3.0 0
1764170603247 3.0 0
1764170603360 2.0 0
1764170603453 3.0 0
1764170603565 3.0 0
1764170603653 3.0 0
1764170603767 3.0 0
1764170603872 4.0 0
1764170603977 3.0 0
1764170604080 3.0 0
1764170604179 3.0 0
1764170604288 4.0 0
1764170604392 4.0 0
1764170604499 3.0 0
1764170604592 4.0 0
1764170604698 4.0 0
1764170604798 4.0 0
1764170604899 4.0 0
1764170604992 5.0 0
1764170605107 4.0 0
1764170605217 5.0 0
1764170605329 4.0 0
1764170605450 4.0 0
1764170605574 4.0 0
1764170605680 4.0 0
1764170605786 4.0 0
1764170605894 4.0 0
1764170605992 4.0 0
1764170606104 4.0 0
1764170606207 4.0 0
1764170606318 4.0 0
1764170606416 4.0 0
1764170606530 4.0 0
1764170606623 4.0 0
1764170606734 4.0 0
1764170606838 5.0 0
1764170606926 4.0 0
1764170607037 5.0 0
1764170607153 5.0 0
1764170607240 4.0 0
1764170607347 4.0 0
1764170607456 5.0 0
1764170607558 4.0 0
1764170607674 5.0 0
1764170607779 4.0 0
1764170607881 4.0 0
1764170607991 4.0 0
1764170608111 4.0 0
1764170608226 4.0 0
1764170608329 4.0 0
1764170608438 4.0 0
