1764170420485 6.489495947840241 0
1764170420587 13.400846038825769 0
1764170420665 14.49110005527916 0
1764170420754 13.681390873210034 0
1764170420838 13.866247028758641 0
1764170420917 15.157158293009926 0
1764170421007 14.091111887548042 0
1764170421087 15.048234095377506 0
1764170421179 13.464255218064036 0
1764170421265 13.28198258964055 0
1764170421351 14.562291467754536 0
1764170421433 14.684395896789553 0
1764170421513 15.215497351810201 0
1764170421608 13.023887817616684 0
1764170421693 14.29873113924741 0
1764170421779 13.973700430108243 0
1764170421863 14.046752133317257 0
1764170421954 12.69400997530386 0
1764170422033 15.441751558237398 0
1764170422118 15.386182052956325 0
1764170422209 13.283917616542567 0
1764170422293 13.680230661848165 0
1764170422378 14.368532659150626 0
1764170422466 14.616387706954653 0
1764170422550 13.30186447289553 0
1764170422633 14.480443841424048 0
1764170422711 16.19409888726728 0
1764170422805 13.594256729382405 0
1764170422889 14.21865444461771 0
1764170422973 14.411880521319034 0
1764170423056 15.00532697006665 0
1764170423142 15.298298853257856 0
1764170423233 14.1334663234085 0
1764170423311 16.482897384305836 0
1764170423407 13.867118070249683 0
1764170423490 14.207576825104331 0
1764170423573 14.685681273086956 0
1764170423656 14.795610318784547 0
1764170423735 15.255342983923764 0
1764170423827 14.780906736207777 0
1764170423911 14.210224250493798 0
1764170423998 14.403813265383215 0
1764170424090 13.133179069847543 0
1764170424175 13.971838492723112 0
1764170424262 13.87661493364918 0
1764170424350 13.556557517461611 0
1764170424434 14.334502156512942 0
1764170424511 15.977022790557708 0
1764170424610 13.19399172682804 0
1764170424692 13.840942990271783 0
1764170424778 14.859402124237421 0
1764170424869 13.693003819659822 0
1764170424954 14.93985310565422 0
1764170425039 13.790384254981966 0
1764170425111 17.764796570973562 0
1764170425209 13.551170214140788 0
1764170425290 14.981850913883818 0
1764170425367 15.518136478666884 0
1764170425454 14.432907672561225 0
1764170425535 15.095786874743563 0
1764170425627 13.709295104364822 0
1764170425711 13.930908499098244 0
1764170425795 14.394865722865722 0
1764170425884 13.53708712294812 0
1764170425966 14.910960218991077 0
1764170426056 13.755469485338729 0
1764170426135 15.745980260762165 0
1764170426228 13.423619890096877 0
1764170426311 13.744155716485894 0
1764170426396 14.257223272193292 0
1764170426485 13.815230566534915 0
1764170426566 15.160007084277602 0
1764170426656 12.900430290746135 0
1764170426742 13.63194467014645 0
1764170426830 13.091040746578443 0
1764170426912 14.736401262024721 0
1764170427003 13.916718095731056 0
1764170427087 13.52098437494963 0
1764170427171 14.273476874491667 0
1764170427263 13.012574187083304 0
1764170427350 13.819737002513994 0
1764170427437 13.603824622629881 0
1764170427517 15.424261480018682 0
1764170427608 13.86083985181807 0
1764170427705 11.801942086321827 0
1764170427792 12.264226085176684 0
1764170427875 14.65663536836367 0
1764170427959 14.56719735489428 0
1764170428044 14.431020660943762 0
1764170428131 13.387244419194015 0
1764170428214 15.30315490676114 0
1764170428301 14.670476843382849 0
1764170428384 13.576875020231121 0
1764170428469 14.006037453583737 0
1764170428553 14.682236971071719 0
1764170428638 14.157462507721233 0
1764170428732 13.897305231488998 0
1764170428813 14.575651321756597 0
1764170428899 14.550167380708723 0
1764170428985 13.51283852136317 0
1764170429075 13.644006375849843 0
1764170429161 13.649378923423878 0
1764170429244 13.995662126358923 0
1764170429336 13.542987959432102 0
1764170429420 14.160139092857987 0
1764170429511 13.736953460190614 0
1764170429590 15.65476905850518 0
1764170429674 15.441581009041911 0
1764170429764 13.846243232536644 0
1764170429844 15.363863471527264 0
1764170429950 11.785394363426901 0
1764170430051 12.382476847273189 0
1764170430135 14.30175400310974 0
1764170430220 14.716907778623785 0
1764170430310 13.863863685193449 0
1764170430404 13.78653133135239 0
1764170430487 13.530449369334494 0
1764170430576 13.624505440961507 0
1764170430662 13.829670637655259 0
1764170430747 13.772588165758192 0
1764170430832 14.194114302731679 0
1764170430916 13.79396713892945 0
1764170431005 13.921429614582918 0
1764170431092 13.967232330766977 0
1764170431173 14.98538370019972 0
1764170431256 14.991650463227725 0
1764170431348 13.869594259449093 0
1764170431437 13.905506433399971 0
1764170431525 13.929011689691817 0
1764170431613 13.9806405162529 0
1764170431704 13.379472260501199 0
1764170431790 13.869135639177303 0
1764170431880 14.136753231432953 0
1764170431965 13.693495571320833 0
1764170432054 13.077448803970967 0
1764170432146 12.922170668737023 0
1764170432230 14.530710096275433 0
1764170432318 13.423920627300369 0
1764170432404 14.300925026168727 0
1764170432488 13.349875709379566 0
1764170432578 13.571120264284398 0
1764170432668 12.760512817392469 0
1764170432753 14.292007414676698 0
1764170432844 13.072965172454634 0
1764170432932 13.280342464885951 0
1764170433018 14.002624049783499 0
1764170433099 15.704239537818115 0
1764170433190 13.635002421874239 0
1764170433274 14.473248515340048 0
1764170433361 14.51165622945715 0
1764170433450 13.730163250742272 0
1764170433535 14.252088048006415 0
1764170433620 14.54703860547226 0
1764170433710 13.878635267179108 0
1764170433795 14.106609177039577 0
1764170433887 13.090591312272554 0
1764170433971 14.093668725344587 0
1764170434056 14.27201981741033 0
1764170434141 13.801547214388897 0
1764170434229 14.494755794544645 0
1764170434316 14.244634027060805 0
1764170434408 13.641610074675409 0
1764170434494 14.67632887430149 0
1764170434585 13.616455433201745 0
1764170434674 13.777609886048964 0
1764170434766 13.581359203181059 0
1764170434852 14.076451675694543 0
1764170434928 16.26966745410184 0
1764170435019 14.39363074811256 0
1764170435098 15.615602556990584 0
1764170435190 13.63243204591918 0
1764170435275 14.617508372918097 0
1764170435369 12.977546202470938 0
1764170435456 14.070360120095943 0
1764170435541 13.734164614659193 0
1764170435633 13.772814290639827 0
1764170435716 13.805862952015431 0
1764170435803 14.465661202487334 0
1764170435890 14.143379328018991 0
1764170435977 14.173489318275514 0
1764170436065 13.326843031716477 0
1764170436152 13.952828619521899 0
1764170436257 11.335344035457544 0
1764170436341 14.821281166958784 0
1764170436430 14.20897261735781 0
1764170436517 13.665432935411562 0
1764170436608 13.470957961709795 0
1764170436692 13.827299850000824 0
1764170436781 13.71575071451462 0
1764170436868 13.72805111151842 0
1764170436961 13.810863495074022 0
1764170437049 12.934205008017763 0
1764170437134 14.127182582453115 0
1764170437220 14.369074128633974 0
1764170437310 14.036316420028244 0
1764170437399 13.529052776899704 0
1764170437482 14.67673971845377 0
1764170437569 14.197813952386271 0
1764170437656 14.074326115478959 0
1764170437741 13.738168311480726 0
1764170437833 13.661560510072798 0
1764170437916 13.957796864548634 0
1764170438008 13.49253846574514 0
1764170438098 13.710236168995669 0
1764170438185 14.247488866771517 0
1764170438271 14.148961506414473 0
1764170438353 14.91949958915658 0
1764170438437 14.593096441755359 0
1764170438533 13.011928287569452 0
1764170438619 14.099353910488702 0
1764170438716 12.867305179067756 0
1764170438803 13.999399210963732 0
1764170438888 14.478894243382443 0
1764170438977 12.743454033919315 0
1764170439066 13.0915719360014 0
1764170439153 14.08704180129105 0
1764170439237 14.546836795211059 0
1764170439322 14.78215696709323 0
1764170439408 13.504832924418343 0
1764170439492 13.852736988816888 0
1764170439586 13.635312705213812 0
1764170439668 13.648312957798726 0
1764170439762 13.928502877485213 0
1764170439844 14.877322417939459 0
1764170439934 13.947353719689815 0
1764170440029 12.860124851294504 0
1764170440114 14.156650173148192 0
1764170440203 14.140137008468633 0
1764170440291 12.82579406215503 0
1764170440373 15.028876714095807 0
1764170440463 13.591701691224364 0
1764170440549 13.337564751186907 0
1764170440644 13.02109798954414 0
1764170440764 9.719363861139497 0
1764170440879 10.69249947739544 0
1764170440969 13.960166151879859 0
1764170441056 14.338912591620172 0
1764170441140 15.126655823196131 0
1764170441233 13.728949814734802 0
1764170441316 15.047262342955134 0
1764170441414 12.667747907738121 0
1764170441505 14.231246076851303 0
1764170441595 12.604743415595811 0
1764170441679 14.36154644223098 0
1764170441767 13.314194111578447 0
1764170441854 14.096510744701588 0
1764170441940 13.735019140526504 0
1764170442025 13.809772158567101 0
1764170442110 13.633141018348475 0
1764170442195 14.296781582553328 0
1764170442284 13.723110346226582 0
1764170442369 14.246472606229409 0
1764170442454 14.167409213890757 0
1764170442535 15.022094559989112 0
1764170442625 13.777021567326454 0
1764170442711 13.535820206733856 0
1764170442795 14.49099992399168 0
1764170442874 15.655528681059453 0
1764170442962 14.253444162764302 0
1764170443044 14.819343600832424 0
1764170443129 13.998324594748839 0
1764170443220 12.696891999479327 0
1764170443308 13.777383603671074 0
1764170443395 13.621850540742425 0
1764170443487 13.670956050116686 0
1764170443577 13.831084378668566 0
1764170443656 14.924224309706803 0
1764170443747 13.668283017884145 0
1764170443833 13.268159358214337 0
1764170443914 15.31723813036603 0
1764170444001 14.029367887987263 0
1764170444088 13.625434900545432 0
1764170444172 14.666578081454103 0
1764170444256 15.185474556941402 0
1764170444348 13.365573237650327 0
1764170444439 13.830582695548088 0
1764170444523 14.325297995150107 0
1764170444608 14.793888175623245 0
1764170444689 14.390766422606344 0
1764170444777 13.611683001233205 0
1764170444866 12.904915450316292 0
1764170444947 14.998941496209412 0
1764170445034 13.317956664211142 0
1764170445116 15.358350177227056 0
1764170445205 14.110215876711084 0
1764170445292 13.858916280898617 0
1764170445374 14.801562626822271 0
1764170445455 14.944484231754549 0
1764170445540 14.964585667292226 0
1764170445630 14.023551439366077 0
1764170445718 14.017365033319743 0
1764170445807 13.639658155234986 0
1764170445891 13.792470264813335 0
1764170445984 13.938408265402087 0
1764170446068 13.573096538690553 0
1764170446160 13.698101869390849 0
1764170446243 14.81866295461451 0
1764170446325 14.622910354877959 0
1764170446411 14.115486871596746 0
1764170446498 14.721505036678249 0
1764170446589 14.176219881096026 0
1764170446675 14.219281086743532 0
1764170446758 14.99593844745724 0
1764170446843 13.901957534818665 0
1764170446931 14.410444581873154 0
1764170447021 13.312884058707024 0
1764170447105 14.774971026388004 0
1764170447189 14.24947341242339 0
1764170447273 15.199562237949767 0
1764170447358 14.979978142388765 0
1764170447443 15.138230103188038 0
1764170447531 14.333620395051602 0
1764170447610 14.213787798174776 0
1764170447691 15.033186023089357 0
1764170447782 14.214606703494086 0
1764170447867 13.682149579354956 0
1764170447953 14.679153892458668 0
1764170448038 14.544415508757572 0
1764170448120 14.71695941725907 0
1764170448208 13.515538197801064 0
1764170448291 15.03787520256995 0
1764170448381 14.307803566799024 0
1764170448467 13.992720576215433 0
1764170448549 14.926242517846848 0
1764170448637 14.229411425450277 0
1764170448725 14.42695036924675 0
1764170448812 13.842633144003775 0
1764170448903 14.59548317500087 0
1764170448988 14.789558496327562 0
1764170449068 15.567323609100693 0
1764170449158 14.600665580572844 0
1764170449243 14.665449879195382 0
1764170449334 14.557590987026149 0
1764170449421 14.613841377796515 0
1764170449507 14.441355612404756 0
1764170449589 14.771536741270316 0
1764170449673 14.373505866871367 0
1764170449758 14.981262278101225 0
1764170449843 14.726415392447729 0
1764170449934 14.363808838889746 0
1764170450019 14.911543343086402 0
1764170450107 13.93146376055828 0
1764170450188 15.194221252979576 0
1764170450273 14.664424391386586 0
1764170450358 14.771692810503554 0
1764170450443 15.359418771994712 0
1764170450533 12.766571903402346 0
1764170450622 13.786848549593229 0
1764170450708 13.90905714437311 0
1764170450789 15.82589009463151 0
1764170450879 14.58589019992419 0
1764170450966 13.335656464812825 0
1764170451050 14.862772056895416 0
1764170451133 15.030869462382546 0
1764170451223 14.304631786448759 0
1764170451309 13.697609786843541 0
1764170451394 14.397682257876273 0
1764170451488 13.142232262875728 0
1764170451581 13.25482562034661 0
1764170451661 14.970621303570345 0
1764170451749 13.203128984024554 0
1764170451836 14.158896266764788 0
1764170451922 14.319135861475646 0
1764170452006 13.802818940807509 0
1764170452091 13.853331791983882 0
1764170452178 14.39259353306728 0
1764170452255 16.081899014221136 0
1764170452352 12.694086812302142 0
1764170452436 14.380503726865662 0
1764170452521 14.735676442895487 0
1764170452606 13.80313690903227 0
1764170452689 14.163964542000844 0
1764170452776 14.157988185654009 0
1764170452855 15.319755719837536 0
1764170452940 14.92629563595859 0
1764170453027 14.364989502741617 0
1764170453111 14.68511567979385 0
1764170453194 14.424916084300886 0
1764170453280 14.089691822927515 0
1764170453377 11.643793480614518 0
1764170453463 14.231439225572661 0
1764170453549 13.200552658330633 0
1764170453636 14.630816671085128 0
1764170453722 13.96365185952133 0
1764170453807 13.594168608627166 0
1764170453890 12.812747056703142 0
1764170453974 14.392840475471491 0
1764170454056 14.758438688656108 0
1764170454146 13.693450865164872 0
1764170454233 13.253736625566418 0
1764170454315 15.02419314396246 0
1764170454404 14.16855781021454 0
1764170454489 13.0039809015936 0
1764170454571 14.621279147188728 0
1764170454654 14.92502090561338 0
1764170454733 15.20683641689961 0
1764170454812 16.902565425193234 0
1764170454906 13.730208196935969 0
1764170454988 13.72445747493521 0
1764170455073 14.480443841424048 0
1764170455157 14.84930148907094 0
1764170455242 14.547795443824745 0
1764170455327 13.928271611497795 0
1764170455410 14.172244147699628 0
1764170455491 15.242370282076068 0
1764170455580 14.424420004264421 0
1764170455664 14.193201698729338 0
1764170455752 13.661872003335418 0
1764170455836 14.985812029940869 0
1764170455915 16.518535730460982 0
1764170456004 14.20396828890823 0
1764170456091 12.683875650175397 0
1764170456179 14.623114281430967 0
1764170456268 13.485250571490118 0
1764170456356 14.117624883455571 0
1764170456436 15.741193601897514 0
1764170456521 14.990418121580134 0
1764170456607 13.64014608272601 0
1764170456691 12.710628394103956 0
1764170456780 14.146813993335222 0
1764170456865 14.062434831004852 0
1764170456950 14.366268774297408 0
1764170457036 14.837482268123658 0
1764170457121 14.681363300652107 0
1764170457206 13.849443618953277 0
1764170457291 14.311611560378067 0
1764170457380 13.546749693976752 0
1764170457460 14.939320976221346 0
1764170457545 13.76205897504044 0
1764170457634 13.117694155324259 0
1764170457715 15.565474909263644 0
1764170457805 14.055272020508353 0
1764170457888 13.165911737655106 0
1764170457972 14.82437184775194 0
1764170458055 14.88999808297182 0
1764170458146 14.967896652630076 0
1764170458230 13.705711279433773 0
1764170458315 13.821558618735192 0
1764170458401 14.219473910817747 0
1764170458491 12.677588228893375 0
1764170458589 12.65906895885648 0
1764170458690 12.120549401963306 0
1764170458794 12.165654385873317 0
1764170458890 12.544725854498905 0
1764170458993 12.705045603385344 0
1764170459107 10.49620372270409 0
1764170459212 11.800149108863538 0
1764170459321 11.691016074678826 0
1764170459427 11.40487921601897 0
1764170459531 11.335466574418403 0
1764170459642 11.09721663668113 0
1764170459748 11.778907342608246 0
1764170459855 11.453744589631208 0
1764170459957 12.684335950258266 0
1764170460067 11.684795266245814 0
1764170460172 11.952137921208235 0
1764170460280 11.600254445888764 0
1764170460392 10.444842330171554 0
1764170460497 11.728316490596216 0
1764170460608 10.710055333828707 0
1764170460715 11.686097505251954 0
1764170460827 10.654473589286349 0
1764170460929 12.317892541959736 0
1764170461036 11.981603258851289 0
1764170461140 11.76780333424985 0
1764170461242 11.713282748875255 0
1764170461348 11.775831814902057 0
1764170461454 11.564591863462784 0
1764170461557 11.092960950000661 0
1764170461665 11.47134968670771 0
1764170461775 11.357044024986935 0
1764170461879 11.748026732246192 0
1764170461987 11.149370534195304 0
1764170462096 11.285537853858303 0
1764170462205 11.096923036219806 0
1764170462311 11.618828118074639 0
1764170462412 12.554714112104215 0
1764170462522 11.159604839203187 0
1764170462630 11.027833137893138 0
1764170462735 11.896271126830472 0
1764170462842 11.635911691107523 0
1764170462957 11.059644977903409 0
1764170463065 11.405282378565932 0
1764170463171 11.673835414747378 0
1764170463280 11.115302972081253 0
1764170463388 10.894267807096606 0
1764170463497 11.539075675333644 0
1764170463593 12.538987925297683 0
1764170463697 11.705600643007848 0
1764170463807 11.572441155615152 0
1764170463909 11.967962198361587 0
1764170464011 11.821167770064795 0
1764170464121 11.610626524234112 0
1764170464225 11.659751198832442 0
1764170464333 11.725660673799213 0
1764170464437 12.345156628491875 0
1764170464549 10.622498106880823 0
1764170464654 12.003857898818877 0
1764170464758 12.39583407218262 0
1764170464866 11.470251703731254 0
1764170464984 10.674321896298107 0
1764170465097 10.725885767622652 0
1764170465216 10.4584112545693 0
1764170465349 9.35439294523817 0
1764170465472 10.121121302282035 0
1764170465602 9.116110046120609 0
1764170465729 9.79885991963368 0
1764170465853 9.8093099835354 0
1764170465978 9.833065682649906 0
1764170466097 10.358710416738699 0
1764170466211 10.999000878492664 0
1764170466329 10.72163599182004 0
1764170466435 11.441434412925647 0
1764170466539 11.455371262047889 0
1764170466642 11.706188703258182 0
1764170466751 11.224500500436209 0
1764170466855 11.62923345227896 0
1764170466957 11.940807042117191 0
1764170467067 11.513829869003304 0
1764170467177 11.391033945210763 0
1764170467279 11.705437303423468 0
1764170467390 11.427718245697207 0
1764170467496 11.356183039521742 0
1764170467604 11.096277169887193 0
1764170467711 11.683070246541154 0
1764170467826 10.384073955787947 0
1764170467939 11.172476252883483 0
1764170468054 10.255122299484592 0
1764170468163 11.259846282291859 0
1764170468266 12.066467203682393 0
1764170468383 10.778421078329337 0
1764170468491 11.309791401514335 0
1764170468603 10.809922552544426 0
1764170468714 11.40708145110187 0
1764170468828 11.134689716688612 0
1764170468938 11.168995369223845 0
1764170469043 11.572089943440474 0
1764170469153 11.218256027302733 0
1764170469266 10.839059132421271 0
1764170469379 10.898315742429675 0
1764170469490 11.259513787475303 0
1764170469602 10.94172921052563 0
1764170469715 9.602696069453094 0
1764170469811 12.776060482372507 0
1764170469933 11.131439126534643 0
1764170470048 10.704124132298897 0
1764170470157 10.974825668868974 0
1764170470267 11.905219296751707 0
1764170470382 10.79881772587306 0
1764170470491 11.388559590106736 0
1764170470604 11.066619173889526 0
1764170470714 11.387693819759502 0
1764170470823 11.044094181337519 0
1764170470933 11.013846400277295 0
1764170471044 11.156933209553728 0
1764170471156 10.857324797895997 0
1764170471266 11.026180680608315 0
1764170471380 11.005523354211 0
1764170471490 11.081442966673537 0
1764170471602 11.441496834312183 0
1764170471708 10.323729072211638 0
1764170471811 11.818103436130796 0
1764170471920 11.498993842425305 0
1764170472031 10.791815898892594 0
1764170472146 10.470368558219418 0
1764170472260 10.720265814696486 0
1764170472393 8.764847859204199 0
1764170472507 10.423842376284869 0
1764170472631 9.720062107483026 0
1764170472744 10.764285897600411 0
1764170472860 10.732802276396967 0
1764170472973 10.524173232297887 0
1764170473087 10.74264346177981 0
1764170473201 10.786404046794273 0
1764170473312 9.874759270158917 0
1764170473425 10.784351738767114 0
1764170473533 11.534759902426414 0
1764170473642 11.434821606266068 0
1764170473755 11.269073283968662 0
1764170473866 11.209171933669174 0
1764170473977 11.439312490965671 0
1764170474088 11.260813651605906 0
1764170474193 11.811281011517558 0
1764170474314 9.707306799482499 0
1764170474426 10.98465559550903 0
1764170474538 11.07225747864376 0
1764170474649 10.73315932238088 0
1764170474752 11.554906622514732 0
1764170474861 10.985317304418428 0
1764170474967 11.328608470181504 0
1764170475078 10.996203779441682 0
1764170475189 10.76583314938115 0
1764170475303 10.496492663748683 0
1764170475411 11.07161448022089 0
1764170475527 10.833767703040932 0
1764170475635 11.401406995835554 0
1764170475752 10.97907739505323 0
1764170475862 11.308327761361431 0
1764170475976 10.167467432039988 0
1764170476091 10.19269454995249 0
1764170476204 10.756970108869881 0
1764170476314 11.308236296430103 0
1764170476427 10.893022893428041 0
1764170476536 11.204231334312809 0
1764170476653 10.112873087096052 0
1764170476768 10.676903260623309 0
1764170476878 11.155538533554619 0
1764170476992 10.38389399986136 0
1764170477108 10.29539808932832 0
1764170477211 11.958339867082165 0
1764170477320 11.508490806770695 0
1764170477425 11.461882574774208 0
1764170477534 10.77797792653313 0
1764170477641 11.703804158260574 0
1764170477753 11.032880546290547 0
1764170477861 11.224200126309931 0
1764170477984 10.141997011301921 0
1764170478090 11.930176265960503 0
1764170478203 11.132857332448573 0
1764170478314 11.419753052806405 0
1764170478427 11.328822660324715 0
1764170478536 10.509590496450702 0
1764170478648 11.114743324747458 0
1764170478756 11.368094667627943 0
1764170478862 11.346260387811634 0
1764170478974 11.302355160334141 0
1764170479077 11.623915706391305 0
1764170479192 11.217625961813626 0
1764170479307 10.40481057373633 0
1764170479410 12.125174536088137 0
1764170479530 10.51810316723926 0
1764170479648 10.408063803705339 0
1764170479756 11.355721851005534 0
1764170479870 11.082731322697079 0
1764170479981 10.744377158197821 0
1764170480088 11.357566829860058 0
1764170480201 10.886633045310964 0
1764170480306 10.471780173468419 0
1764170480410 11.894651764926081 0
1764170480513 12.056443290819773 0
1764170480635 10.124175086775802 0
1764170480751 11.111563241776874 0
1764170480860 11.226573520161669 0
1764170480973 10.47981270628918 0
1764170481084 10.86424306787717 0
1764170481189 11.516169243019137 0
1764170481296 11.725955705155803 0
1764170481408 10.608929673509445 0
1764170481520 11.05891596729498 0
1764170481634 10.381632228745682 0
1764170481750 10.33629714330777 0
1764170481865 10.619458988667322 0
1764170481976 11.084488654682685 0
1764170482077 11.710699128880947 0
1764170482192 11.323011800023217 0
1764170482311 9.875154508832608 0
1764170482410 12.396823285658973 0
1764170482534 10.784906339594503 0
1764170482641 11.796996118580187 0
1764170482755 11.14454172257576 0
1764170482859 11.73625832447255 0
1764170482973 10.484108752871423 0
1764170483089 10.270415071978295 0
1764170483200 11.245928539636745 0
1764170483304 10.6331082982429 0
1764170483410 11.80476546976409 0
1764170483525 10.844888482084219 0
1764170483633 11.258304880929373 0
1764170483745 10.990124278448707 0
1764170483856 11.599773220681168 0
1764170483969 10.941786298453808 0
1764170484077 11.235956741755135 0
1764170484188 10.788068653852584 0
1764170484296 11.606770955842675 0
1764170484410 10.294159947968437 0
1764170484520 11.211179360522616 0
1764170484634 10.386002446501355 0
1764170484737 11.785460594344288 0
1764170484828 13.787437707914219 0
1764170484944 10.928187678149898 0
1764170485058 10.77080947269487 0
1764170485169 10.957021494477477 0
1764170485271 11.776460017969452 0
1764170485377 11.415153238821771 0
1764170485488 10.39215268469263 0
1764170485592 11.816305545147468 0
1764170485695 11.750396414063594 0
1764170485812 10.77122437397117 0
1764170485913 12.366887214143343 0
1764170486027 11.099536626609964 0
1764170486131 11.913267247990456 0
1764170486241 11.067261592208622 0
1764170486344 12.401295034223793 0
1764170486453 11.463918878290103 0
1764170486565 10.597537527066736 0
1764170486667 11.90369884746263 0
1764170486773 11.531366673081681 0
1764170486877 11.694634353077635 0
1764170486983 10.726406939691989 0
1764170487095 11.282289649236066 0
1764170487198 11.729169230080874 0
1764170487310 11.371639116253975 0
1764170487417 11.670067639194562 0
1764170487529 10.488224732812212 0
1764170487634 11.811946267143542 0
1764170487744 10.9608011205653 0
1764170487853 11.52278153081997 0
1764170487965 11.361289361413963 0
1764170488071 11.633103960904066 0
1764170488177 11.453244167979662 0
1764170488277 11.696949922053873 0
1764170488386 11.033431979902407 0
1764170488489 11.881510774451788 0
1764170488599 11.661631453538968 0
1764170488708 11.711418503481898 0
1764170488813 11.6208561794702 0
1764170488913 12.67559595764228 0
1764170489027 11.107237718441073 0
1764170489128 11.593681155414277 0
1764170489228 11.813842656879784 0
1764170489343 11.089529429805776 0
1764170489453 11.2626279171556 0
1764170489563 10.788928902150428 0
1764170489671 11.774972277199927 0
1764170489778 11.208333221988546 0
1764170489884 10.843374490703399 0
1764170489985 12.086147178662609 0
1764170490089 10.944784251508256 0
1764170490192 12.423444664289184 0
1764170490308 10.84104825390097 0
1764170490416 11.671918742173368 0
1764170490519 11.720057897472294 0
1764170490628 11.777286703076081 0
1764170490735 11.356921019070338 0
1764170490840 11.492251375463054 0
1764170490950 10.907044597581589 0
1764170491063 10.677718687708275 0
1764170491172 11.160287794286688 0
1764170491270 12.268136162346513 0
1764170491383 10.72053982210408 0
1764170491489 10.934740442572007 0
1764170491598 11.191226970129541 0
1764170491704 11.331852788449588 0
1764170491813 10.665120666814147 0
1764170491919 11.951967628871854 0
1764170492029 10.884429439287503 0
1764170492135 11.37567939941634 0
1764170492240 11.609244651111295 0
1764170492350 11.48130385748229 0
1764170492460 11.08258490351663 0
1764170492568 10.93784862843478 0
1764170492677 11.36132013630429 0
1764170492789 11.95414773731282 0
1764170492905 10.310431118824392 0
1764170493010 11.814574759655335 0
1764170493119 11.129873610525115 0
1764170493231 10.572773929439286 0
1764170493343 11.036189975003289 0
1764170493453 11.159545455754838 0
1764170493556 11.700571874912823 0
1764170493662 11.629749371279319 0
1764170493770 10.676740190151332 0
1764170493877 11.694764783297272 0
1764170493986 11.012053570256484 0
1764170494094 11.546222836410085 0
1764170494198 11.743783441737529 0
1764170494308 11.534855068478082 0
1764170494422 10.889742211698485 0
1764170494528 10.617657854700012 0
1764170494631 11.514462038521511 0
1764170494737 11.401406995835554 0
1764170494840 11.826334102149113 0
1764170494952 11.203333511405523 0
1764170495055 11.77097377120951 0
1764170495156 11.814108865572846 0
1764170495265 11.826734264590606 0
1764170495380 10.59638627268685 0
1764170495489 10.974653371046703 0
1764170495591 11.98547216880174 0
1764170495703 11.347764565832014 0
1764170495814 11.373365908949165 0
1764170495919 11.692287106522006 0
1764170496024 11.464263555085429 0
1764170496131 10.96945826206579 0
1764170496234 11.947643829919357 0
1764170496337 11.808354776772392 0
1764170496450 11.24499387387967 0
1764170496555 11.602211839815883 0
1764170496665 11.409874239328841 0
1764170496773 11.488599883862344 0
1764170496876 11.733730210906486 0
1764170496987 11.511807392932033 0
1764170497095 11.424947836935264 0
1764170497206 11.50255730979237 0
1764170497311 11.692287106522006 0
1764170497422 11.098567398932031 0
1764170497534 10.669488593581473 0
1764170497652 10.318598701043102 0
1764170497761 11.01115737410544 0
1764170497869 11.392147755822638 0
1764170497980 10.96085840768093 0
1764170498089 11.02458667367591 0
1764170498198 11.122495034486782 0
1764170498304 11.341014236078252 0
1764170498408 11.157556475382798 0
1764170498512 12.094964833713496 0
1764170498627 11.102474714186261 0
1764170498735 11.221917808219178 0
1764170498851 10.415222902890177 0
1764170498967 10.394882737665956 0
1764170499076 10.983648800108938 0
1764170499189 10.567898994938156 0
1764170499301 10.868860148069064 0
1764170499413 10.679784993876247 0
1764170499519 11.632974902441527 0
1764170499632 10.534058658951292 0
1764170499736 11.691211600052403 0
1764170499846 10.875736729788388 0
1764170499955 10.95885371487098 0
1764170500064 11.993354664745125 0
1764170500172 11.190838798499458 0
1764170500277 11.638656185050655 0
1764170500391 11.13176410014146 0
1764170500502 11.104208915551649 0
1764170500613 10.663276902229871 0
1764170500719 11.59182274695785 0
1764170500829 10.795454603950839 0
1764170500937 11.42728236201208 0
1764170501040 11.818136735567927 0
1764170501143 11.669320869153939 0
1764170501247 11.889964848622293 0
1764170501355 11.352832588983624 0
1764170501458 12.454616990382075 0
1764170501565 11.207255062805778 0
1764170501670 11.858499954763413 0
1764170501782 10.66938003032184 0
1764170501885 11.399671678462324 0
1764170501991 11.790463179258834 0
1764170502101 11.269648581185834 0
1764170502209 11.031574739156621 0
1764170502318 11.742238198422164 0
1764170502434 10.28729241115774 0
1764170502543 11.201747709202982 0
1764170502648 11.587307375667866 0
1764170502755 11.288362579394983 0
1764170502858 12.234069735560235 0
1764170502968 10.900326674237956 0
1764170503071 11.504765875508474 0
1764170503181 11.221917808219178 0
1764170503285 11.370406013896156 0
1764170503391 11.672925728948371 0
1764170503503 11.06691117297062 0
1764170503613 11.258365320091263 0
1764170503719 11.720843929020539 0
1764170503830 10.726105202321008 0
1764170503931 12.226794386693175 0
1764170504035 12.159482346256317 0
1764170504143 11.69815699049489 0
1764170504257 10.886576531446533 0
1764170504374 11.022182044658413 0
1764170504485 10.622874755911933 0
1764170504591 11.71410058761758 0
1764170504706 10.97261492418614 0
1764170504821 10.758542854064814 0
1764170504936 10.382865799922765 0
1764170505046 11.001914834458626 0
1764170505155 11.21783597577936 0
1764170505265 11.810383035279344 0
1764170505378 10.607641804331772 0
1764170505485 11.41099173756077 0
1764170505597 11.17027441622635 0
1764170505708 11.512249748856819 0
1764170505815 11.709620232667863 0
1764170505912 12.783108258435355 0
1764170506032 11.184482588510736 0
1764170506136 12.112219055292286 0
1764170506240 11.633620223391478 0
1764170506355 11.344572499655143 0
1764170506465 11.300223617210442 0
1764170506574 11.422925353297947 0
1764170506685 10.602922291319075 0
1764170506803 10.317456490990715 0
1764170506912 10.942357210501187 0
1764170507051 8.673031391451252 0
1764170507176 9.423432855605459 0
1764170507306 9.137618596342168 0
1764170507422 10.963551577758725 0
1764170507543 10.482641414179282 0
1764170507657 10.826524870292454 0
1764170507778 10.542107564934575 0
1764170507894 10.3412921486829 0
1764170508010 10.194205716507875 0
1764170508125 10.906222128613367 0
1764170508234 10.999433546627504 0
1764170508355 10.243976543628996 0
1764170508470 10.671470261220897 0
1764170508580 11.31531395427261 0
1764170508689 10.880166018158237 0
1764170508797 11.140456794681441 0
1764170508906 10.967249679033781 0
1764170509015 11.355445155875625 0
1764170509128 10.687758638263174 0
1764170509239 11.09527916069265 0
1764170509343 11.702400017856446 0
1764170509454 10.861120318196884 0
1764170509565 11.219816494128347 0
1764170509671 11.81327700323898 0
1764170509776 11.303299386367495 0
1764170509885 10.590954657131963 0
1764170509993 11.50372458886902 0
1764170510104 11.204590503769321 0
1764170510215 11.010203519124708 0
1764170510328 10.565343449533612 0
1764170510434 11.83674713415701 0
1764170510543 11.691602670420494 0
1764170510657 10.562496537343803 0
1764170510771 11.274313684906579 0
1764170510876 11.703477583912093 0
1764170510985 11.677963270260939 0
1764170511090 11.731728192706381 0
1764170511190 12.68974697982313 0
1764170511311 10.377291362038294 0
1764170511421 11.204590503769321 0
1764170511536 11.264805807642002 0
1764170511639 11.810416291223644 0
1764170511742 11.719206482257613 0
1764170511851 11.214116892144805 0
1764170511960 11.066122810813093 0
1764170512069 11.19818876951665 0
1764170512176 11.016334195700422 0
1764170512289 10.752144376938656 0
1764170512405 10.318217936259979 0
1764170512512 11.801311161756844 0
1764170512629 10.735219667012196 0
1764170512736 11.817936941759882 0
1764170512851 10.331001596090564 0
1764170512963 10.72467903725239 0
1764170513070 11.8973171990855 0
1764170513179 11.63491108010419 0
1764170513287 11.057020989418296 0
1764170513390 12.422451197877022 0
1764170513506 10.992803040230639 0
1764170513614 11.398277609741914 0
1764170513724 11.05148554505117 0
1764170513833 10.959598229450283 0
1764170513942 11.099242903376899 0
1764170514056 11.095719436735967 0
1764170514172 10.357687197799212 0
1764170514284 10.61862555222218 0
1764170514390 11.82380036872699 0
1764170514507 10.834607267495176 0
1764170514615 11.520502756315354 0
1764170514730 10.337188754624163 0
1764170514833 10.967450422558782 0
1764170514950 10.735439483794346 0
1764170515057 11.20246575269291 0
1764170515168 11.498268805324898 0
1764170515276 11.325060212336238 0
1764170515389 11.480863876495224 0
1764170515493 11.967176818342635 0
1764170515607 10.50114417621816 0
1764170515711 11.95510178486937 0
1764170515821 11.707887875928831 0
1764170515928 12.035650951246808 0
1764170516033 10.973045518879648 0
1764170516142 11.638333236215512 0
1764170516257 10.895258282549628 0
1764170516360 11.832272624689686 0
1764170516469 11.393633175507366 0
1764170516578 11.53285691110115 0
1764170516691 11.281197215677414 0
1764170516796 11.732975271343852 0
1764170516906 10.952729627675964 0
1764170517010 11.670165051028926 0
1764170517124 11.036189975003289 0
1764170517227 11.770313122639232 0
1764170517336 11.550801667777417 0
1764170517439 11.7888062239486 0
1764170517549 10.815051273654598 0
1764170517657 11.073046715155035 0
1764170517763 11.494077991833603 0
1764170517870 11.269860547599215 0
1764170517978 11.402832830383602 0
1764170518088 10.888159141470911 0
1764170518191 12.329950730806768 0
1764170518302 11.342240971348991 0
1764170518414 9.739744286384388 0
1764170518511 12.853031305925327 0
1764170518633 11.008614128009826 0
1764170518748 10.970089449181357 0
1764170518853 11.785957349953495 0
1764170518955 12.601903067923361 0
1764170519068 11.323470335413923 0
1764170519174 11.686878987990749 0
1764170519282 10.998510562420021 0
1764170519390 11.351112025244516 0
1764170519493 12.204061324309462 0
1764170519605 10.640445476108933 0
1764170519709 11.354461460163456 0
1764170519821 10.983533749528638 0
1764170519929 11.03227113115983 0
1764170520039 11.25912086437152 0
1764170520148 10.964067442164422 0
1764170520256 11.08815155352408 0
1764170520367 10.832452646966152 0
1764170520475 11.600864055140216 0
1764170520583 11.119752700202017 0
1764170520688 11.594482377332412 0
1764170520796 10.972270472762279 0
1764170520908 11.325396589666392 0
1764170521014 11.405995735978767 0
1764170521125 10.881379764798668 0
1764170521230 11.278072810090912 0
1764170521335 11.794872948560759 0
1764170521439 11.806327214792589 0
1764170521549 10.831557472303283 0
1764170521654 11.413165277539681 0
1764170521762 11.393973638744308 0
1764170521875 10.851117113201495 0
1764170521984 11.179414735820844 0
1764170522094 11.356644265499856 0
1764170522202 10.84519693956969 0
1764170522311 11.0557386037145 0
1764170522420 11.267196406793138 0
1764170522528 12.039036487634618 0
1764170522633 11.83591208084183 0
1764170522742 11.717274883436371 0
1764170522846 11.501358729183748 0
1764170522954 11.498867742448418 0
1764170523063 11.21354725042041 0
1764170523174 11.023282828946504 0
1764170523285 11.22720459120305 0
1764170523396 11.129785009579306 0
1764170523508 10.638691185795814 0
1764170523614 11.674257817066449 0
1764170523731 10.761330777894944 0
1764170523839 11.360120039110216 0
1764170523950 10.617362204525088 0
1764170524056 11.269194394291118 0
1764170524167 11.709652923571715 0
1764170524275 11.812644866209103 0
1764170524388 10.840291741402572 0
1764170524496 11.138740834574865 0
1764170524609 10.17131383285722 0
1764170524711 12.410064619973015 0
1764170524831 11.153906908591928 0
1764170524935 11.963217341699943 0
1764170525051 11.233278519050195 0
1764170525155 11.694569139058814 0
1764170525269 11.62504330666105 0
1764170525380 11.213996962761748 0
1764170525492 10.434059236483225 0
1764170525596 11.725496773904974 0
1764170525706 10.829376103772708 0
1764170525814 11.382532850637473 0
1764170525927 10.823591344851167 0
1764170526032 10.999404701026169 0
1764170526135 12.243247582323596 0
1764170526249 11.274919825915383 0
1764170526354 11.855918908452596 0
1764170526467 11.095073710496173 0
1764170526579 11.150615445965705 0
1764170526686 11.220026590124203 0
1764170526790 12.23588992581399 0
1764170526892 12.573607530427484 0
1764170526997 11.640497335701598 0
1764170527111 10.318903333103712 0
1764170527226 10.982901014417614 0
1764170527333 11.598329784586456 0
1764170527445 10.934997014863114 0
1764170527554 11.544220739007775 0
1764170527663 11.348808515589276 0
1764170527773 10.909824893614807 0
1764170527888 10.228787291274946 0
1764170527997 11.306620659909424 0
1764170528108 10.589564203100897 0
1764170528220 10.856537911005619 0
1764170528329 10.968310835194377 0
1764170528434 11.764766601031095 0
1764170528535 12.211522952447222 0
1764170528644 11.747533168831241 0
1764170528753 11.811081449441872 0
1764170528866 11.365568670807184 0
1764170528975 11.151653084827778 0
1764170529083 11.458719907331519 0
1764170529188 11.97780525625905 0
1764170529303 10.640958377942288 0
1764170529409 11.635976252566165 0
1764170529504 13.244780153848097 0
1764170529620 11.720647411249217 0
1764170529735 11.398370537048812 0
1764170529838 11.8896278028177 0
1764170529949 10.788706889455922 0
1764170530066 10.221608092860258 0
1764170530177 10.80410289170406 0
1764170530286 11.022008256709562 0
1764170530396 11.337304976808053 0
1764170530501 11.53517229999175 0
1764170530613 11.023109006283821 0
1764170530711 12.718606816121197 0
1764170530832 10.955104045050057 0
1764170530941 11.331730327607541 0
1764170531054 11.251841637917622 0
1764170531162 11.360827758064953 0
1764170531266 11.882857231897239 0
1764170531372 11.358212714101956 0
1764170531485 10.560794444528375 0
1764170531605 10.211454795554419 0
1764170531710 11.036915992368924 0
1764170531820 11.05501010798544 0
1764170531932 10.630413349655436 0
1764170532044 11.002809526682634 0
1764170532163 10.620776622817568 0
1764170532269 11.293104005341892 0
1764170532376 11.299553869695467 0
1764170532482 11.58014124870927 0
1764170532587 11.440810236519017 0
1764170532692 11.402212858502107 0
1764170532805 10.546958728019332 0
1764170532910 11.037525920779782 0
1764170533020 11.62617112572208 0
1764170533124 11.56213715879833 0
1764170533234 10.780000102806092 0
1764170533341 11.213577230121004 0
1764170533444 12.082282619654611 0
1764170533553 11.458219050845235 0
1764170533656 11.99311460972304 0
1764170533773 10.142291304957611 0
1764170533888 10.125739337842992 0
1764170533995 11.244662255632647 0
1764170534119 10.042556859402422 0
1764170534237 10.348461783290198 0
1764170534353 10.306858700112793 0
1764170534519 7.1892289365203155 0
1764170535287 1.3571467168586886 0
1764170535439 7.737711692432572 0
1764170535605 7.502864799016863 0
1764170535755 7.407604165194908 0
1764170535904 8.754858761425472 0
1764170536036 9.17202756219754 0
1764170536185 8.520834306772496 0
1764170536321 8.83440999728289 0
1764170536464 8.544093411909937 0
1764170536604 8.52299864259646 0
1764170536740 8.860725157861157 0
1764170536887 8.630610313181613 0
1764170537005 10.001869551116961 0
1764170537138 9.815967460343463 0
1764170537247 10.65417588530699 0
1764170537383 9.571665905979005 0
1764170537484 10.486756241842976 0
1764170537605 11.334271932550568 0
1764170537712 12.303944662663431 0
1764170537830 11.446711424048905 0
1764170537939 10.707375912958458 0
1764170538047 10.844159470500026 0
1764170538142 12.591310404039495 0
1764170538260 11.812378723488145 0
1764170538363 11.414935771826693 0
1764170538465 12.113513357400722 0
1764170538577 10.389527006105943 0
1764170538677 12.413737584202488 0
1764170538780 11.556020873168501 0
1764170538884 10.461124052855526 0
1764170538999 10.930095716098702 0
1764170539109 10.660566641504063 0
1764170539230 9.480045656424107 0
1764170539333 11.389611059667569 0
1764170539448 10.074372979386743 0
1764170539557 10.788928902150428 0
1764170539672 12.007672443902411 0
1764170539795 9.35994572785375 0
1764170539891 11.919022449559534 0
1764170540012 11.4183229839028 0
1764170540120 10.765335769945484 0
1764170540251 10.038158511952057 0
1764170540357 11.103914944987451 0
1764170540466 11.642597604474608 0
1764170540592 9.117279187199346 0
1764170540718 9.339541429242626 0
1764170540831 10.26777513390715 0
1764170540971 9.20885953664834 0
1764170541088 9.610485072061957 0
1764170541220 9.969442569334182 0
1764170541348 10.261746083007937 0
1764170541462 11.308510695662958 0
1764170541600 9.315169255506746 0
1764170541719 9.269057205871304 0
1764170541843 9.260850461573789 0
1764170541973 10.059296140138814 0
1764170542100 9.049590057823423 0
1764170542236 9.581395986339391 0
1764170542345 10.682967581555515 0
1764170542477 9.786856136175375 0
1764170542611 8.405199864532587 0
1764170542740 9.68001938633033 0
1764170542858 9.602981882954683 0
1764170542982 9.189369673334356 0
1764170543099 10.578080194900998 0
1764170543211 10.412921613314863 0
1764170543311 13.306844247602308 0
1764170543430 11.418478408824859 0
1764170543532 11.557740424359327 0
1764170543635 11.445774321189793 0
1764170543739 11.277466330034228 0
1764170543843 11.438532570456145 0
1764170543951 10.770256320711598 0
1764170544066 11.03900745618537 0
1764170544182 11.751614539117377 0
1764170544296 11.849320563889595 0
1764170544412 11.840556471465028 0
1764170544515 10.144106493305472 0
1764170544614 12.015377651986089 0
1764170544727 10.320274399996062 0
1764170544836 10.81851033152178 0
1764170544940 11.315344480594808 0
1764170545049 10.724020935126166 0
1764170545173 9.142817283337038 0
1764170545293 9.52104056477425 0
1764170545430 9.607249122147984 0
1764170545554 10.170721889473556 0
1764170545688 10.07072043410927 0
1764170545819 10.008958251303529 0
1764170545948 10.34641959411624 0
1764170546060 11.940603079165529 0
1764170546183 10.893730195833983 0
1764170546296 10.284341178028315 0
1764170546414 10.002489709676958 0
1764170546514 10.61080837671964 0
1764170546629 11.916821274842668 0
1764170546733 11.354799586340576 0
1764170546845 10.309265376750039 0
1764170546946 11.29937122506048 0
1764170547067 11.062357741374809 0
1764170547180 10.261896722988016 0
1764170547284 11.888987468430138 0
1764170547382 12.132680364359002 0
1764170547496 10.158060953635712 0
1764170547597 12.172892463163272 0
1764170547699 11.996922328847447 0
1764170547805 11.200222172375856 0
1764170547916 10.511855681729894 0
1764170548016 11.643922779236787 0
1764170548120 11.917769373495824 0
1764170548216 12.517470663371892 0
1764170548326 12.475584546149475 0
1764170548435 10.739562715883107 0
1764170548544 10.682069736584074 0
1764170548638 12.722078820214325 0
1764170548750 12.46209201788659 0
1764170548838 14.429332700332669 0
1764170548948 12.78603088666557 0
1764170549059 12.721268516384194 0
1764170549163 11.281166873320656 0
1764170549260 12.34613776984982 0
1764170549367 10.973763251807897 0
1764170549472 10.453146183906213 0
1764170549579 10.888894081118199 0
1764170549668 14.111022890901506 0
1764170549782 12.058973710237597 0
1764170549889 10.993869147316081 0
1764170549989 14.054282995349087 0
1764170550108 11.404755171738705 0
1764170550218 10.608044229859708 0
1764170550326 11.843130832545071 0
1764170550426 11.923054400322929 0
1764170550529 13.921937910134663 0
1764170550642 12.268530895795246 0
1764170550735 12.837688771356337 0
1764170550848 12.227400335252533 0
1764170550951 11.451430505994228 0
1764170551053 12.421421104223985 0
1764170551146 12.866752561506841 0
1764170551259 12.604250996937816 0
1764170551369 10.606702930161163 0
1764170551456 14.885928954475926 0
1764170551572 9.939627184355583 0
1764170551672 11.89117837175809 0
1764170551775 11.48696376144779 0
1764170551872 12.888458690167809 0
1764170551983 12.557420436513876 0
1764170552084 10.476174300515028 0
1764170552220 9.63518955413486 0
1764170552341 8.93264160426623 0
1764170552448 10.991650724599701 0
1764170552570 11.043076461311225 0
1764170552672 11.833908433517385 0
1764170552788 9.980806068956326 0
1764170552896 10.841188360395568 0
1764170553000 11.307900937673557 0
1764170553101 11.761137780968191 0
1764170553204 11.408694895291875 0
1764170553313 10.98534607617945 0
1764170553422 10.748810259064967 0
1764170553526 12.367069535398686 0
1764170553629 11.43485278080698 0
1764170553738 10.82373100049031 0
1764170553841 11.398897153743508 0
1764170553935 12.835135242653381 0
1764170554054 11.892594461866498 0
1764170554141 14.037631781518792 0
1764170554254 12.814547765407506 0
1764170554353 11.921664932835354 0
1764170554465 11.981842853265915 0
1764170554559 12.8316797758137 0
1764170554677 11.65839001353654 0
1764170554782 11.24526521244879 0
1764170554890 10.865762892767304 0
1764170555005 10.074300386465772 0
1764170555108 12.004545025229469 0
1764170555204 12.682149822359968 0
1764170555319 11.948801075712987 0
1764170555410 13.230908999141977 0
1764170555525 12.079951153761966 0
1764170555626 11.67123668854749 0
1764170555732 11.0738945389644 0
1764170555841 10.816083180327192 0
1764170555950 10.611506350250467 0
1764170556060 11.920682334283546 0
1764170556171 10.446481230573045 0
1764170556273 11.76780333424985 0
1764170556377 11.22368952718885 0
1764170556477 12.633712156581614 0
1764170556582 11.250030845488244 0
1764170556695 10.233204512628333 0
1764170556804 10.78396355212514 0
1764170556907 11.419659776524144 0
1764170557019 10.823032758331506 0
1764170557127 10.878755025288548 0
1764170557228 11.65537709109098 0
1764170557338 11.511586227717473 0
1764170557432 12.742447441973509 0
1764170557544 12.463277004038236 0
1764170557643 11.974590812151872 0
1764170557753 12.717025753597438 0
1764170557843 14.574182563674903 0
1764170557964 11.104943910065476 0
1764170558064 12.43003499954065 0
1764170558180 11.865377053446906 0
1764170558268 14.243956775407353 0
1764170558388 11.243486675798769 0
1764170558489 11.654664584502697 0
1764170558598 10.783797194976154 0
1764170558702 11.308907073621203 0
1764170558819 11.668379425748139 0
1764170558930 10.488329640761986 0
1764170559035 10.702458018734323 0
1764170559145 10.716212142116209 0
1764170559266 11.383830378564992 0
1764170559359 12.85681355599696 0
1764170559476 12.116242792600211 0
1764170559582 11.09348906468617 0
1764170559690 10.879206503187786 0
1764170559788 12.098732811612095 0
1764170559901 12.19238975611174 0
1764170560003 11.548003061623431 0
1764170560114 10.541948585963183 0
1764170560219 11.455402548737922 0
1764170560316 12.266306366377432 0
1764170560429 10.265438036149149 0
1764170560533 11.456028318429375 0
1764170560641 10.707895287744254 0
1764170560741 11.974659186615847 0
1764170560844 11.429680133854362 0
1764170560962 11.50678587791181 0
1764170561049 15.038899665467897 0
1764170561158 12.800195315480277 0
1764170561264 12.167771956391825 0
1764170561353 13.8195093342471 0
1764170561456 14.213306133237545 0
1764170561577 11.111828179185775 0
1764170561674 12.539212843241303 0
1764170561787 12.094127823993311 0
1764170561895 10.865678446895709 0
1764170561996 11.684925477085946 0
1764170562102 11.13406900286428 0
1764170562206 11.339726449603518 0
1764170562298 13.082506768474504 0
1764170562413 11.885921559737021 0
1764170562514 11.783705726510854 0
1764170562613 12.81960027996907 0
1764170562704 14.416685571297958 0
1764170562809 11.299888733528926 0
1764170562903 12.753877730983838 0
1764170563009 13.530187486290146 0
1764170563124 12.034960259389974 0
1764170563219 12.763774687319314 0
1764170563336 11.717602228250394 0
1764170563441 10.666205532089117 0
1764170563541 11.825067099713557 0
1764170563660 11.648741199505645 0
1764170563766 11.071819062527222 0
1764170563871 11.935132674112541 0
1764170563979 10.81602739655377 0
1764170564083 11.652980824262226 0
1764170564181 12.08813264279765 0
1764170564295 12.120794585628333 0
1764170564394 12.024540440122474 0
1764170564506 10.337010420055403 0
1764170564603 12.317132906151071 0
1764170564698 12.679964447884105 0
1764170564804 13.336843778816496 0
1764170564904 11.878381440028999 0
1764170565013 12.82285322963289 0
1764170565131 11.637461363875987 0
1764170565241 10.65371583006091 0
1764170565338 12.28480882895654 0
1764170565440 12.442535316558587 0
1764170565544 11.304700786743679 0
1764170565643 11.950980029006237 0
1764170565755 10.608151548490712 0
1764170565850 13.549375397745811 0
1764170565962 10.34641959411624 0
1764170566065 11.631394168640218 0
1764170566157 13.055630260471139 0
1764170566277 11.894483106747659 0
1764170566382 11.211299229646578 0
1764170566483 10.437460650838245 0
1764170566609 9.071629098050412 0
1764170566740 10.084328108808602 0
1764170566876 9.45964829979995 0
1764170567003 8.85911563117152 0
1764170567135 8.622856520228527 0
1764170567255 9.541986017931446 0
1764170567381 9.075024719752651 0
1764170567490 10.759094803482473 0
1764170567612 10.968798462282777 0
1764170567725 12.02143868478828 0
1764170567842 10.011036642416604 0
1764170567974 8.507905855911593 0
1764170568083 11.54946580019826 0
1764170568219 9.543310383115434 0
1764170568342 9.98724658662844 0
1764170568449 10.737473215862865 0
1764170568579 10.000343334541363 0
1764170568689 10.855217321538564 0
1764170568815 10.53861113484123 0
1764170568924 11.995721435721435 0
1764170569042 10.014598191581566 0
1764170569164 9.272745763011633 0
1764170569265 11.093635772134087 0
1764170569381 11.80250665496069 0
1764170569483 11.499403686451481 0
1764170569594 10.511961062949402 0
1764170569706 12.442941352723217 0
1764170569803 12.30300630358709 0
1764170569920 11.672438455587281 0
1764170570018 12.050589269604492 0
1764170570131 11.421059080772132 0
1764170570240 10.716978817998314 0
1764170570349 10.720375415978694 0
1764170570458 11.67178882105111 0
1764170570564 11.126330672651212 0
1764170570664 12.040418886643396 0
1764170570781 9.870715704455385 0
1764170570891 10.615964808374716 0
1764170571012 11.080769627048433 0
1764170571125 10.299518948611729 0
1764170571252 10.510090860341691 0
1764170571380 9.24629425510339 0
1764170571503 9.388565314518765 0
1764170571618 10.168897164358587 0
1764170571746 10.332986790305336 0
1764170571875 9.998841419951892 0
1764170572004 8.793034844644582 0
1764170572120 9.842433913339356 0
1764170572256 9.56439766220558 0
1764170572388 8.611349157302794 0
1764170572516 9.322560784514202 0
1764170572656 9.229711619923641 0
1764170572787 8.742559253955648 0
1764170572922 8.343237474613055 0
1764170573056 8.453837812561726 0
1764170573197 8.89251103002754 0
1764170573323 9.21310740817214 0
1764170573434 11.629846111188133 0
1764170573550 11.808388021295224 0
1764170573686 10.070357743097238 0
1764170573797 10.537631491014519 0
1764170573922 10.612687745435407 0
1764170574049 10.521638788267994 0
1764170574155 10.039071513027826 0
1764170574293 9.421104529843689 0
1764170574410 9.863241511971895 0
1764170574509 11.98896660540179 0
1764170574618 10.669542876039785 0
1764170574715 12.331545771003857 0
1764170574834 11.44049817385351 0
1764170574943 10.774157254304598 0
1764170575049 11.03279348286411 0
1764170575155 10.69481693401771 0
1764170575264 11.367324427677456 0
1764170575358 12.79106093458856 0
1764170575456 14.953861731370528 0
1764170575570 11.997780256872336 0
1764170575655 14.47804460460958 0
1764170575767 10.406488573292942 0
1764170575871 11.888145028258515 0
1764170575975 11.332556989659858 0
1764170576077 10.383919707468998 0
1764170576176 11.949890453031559 0
1764170576276 10.497149407106711 0
1764170576381 11.201987046805101 0
1764170576479 12.195722211237628 0
1764170576593 10.118899305672832 0
1764170576685 12.99370808098019 0
1764170576793 13.172692982924477 0
1764170576907 10.166481643971087 0
1764170577002 12.498298519026193 0
1764170577119 11.690331787370674 0
1764170577227 10.770671179372346 0
1764170577330 11.549942860289967 0
1764170577430 12.825558745913947 0
1764170577544 10.963723527166838 0
1764170577645 11.728546062105895 0
1764170577733 13.86789751592841 0
1764170577836 13.928179107253152 0
1764170577953 12.398838838602114 0
1764170578053 12.087958453176245 0
1764170578155 10.316568280204644 0
1764170578258 12.155958277422103 0
1764170578353 12.61107252494821 0
1764170578454 13.125000782311009 0
1764170578558 12.814156263939044 0
1764170578654 12.43869773842075 0
1764170578761 10.353519670014737 0
1764170578864 11.955987822537427 0
1764170578974 10.568937538427424 0
1764170579077 11.214176857798288 0
1764170579181 11.21207844143624 0
1764170579267 14.304339077617753 0
1764170579381 10.149457718497583 0
1764170579485 11.394437939587233 0
1764170579591 11.696558493891404 0
1764170579693 11.784765206836578 0
1764170579805 10.411861810797863 0
1764170579926 10.2973190611804 0
1764170580037 10.746827302239657 0
1764170580139 11.78572552545802 0
1764170580257 9.912893863621324 0
1764170580357 11.95806711883929 0
1764170580467 11.568834263774576 0
1764170580584 10.29999950885775 0
1764170580689 11.797892060205957 0
1764170580808 11.24158818137473 0
1764170580915 11.046973891102747 0
1764170581033 9.701985131177802 0
1764170581146 10.328889983377454 0
1764170581262 10.583899205381904 0
1764170581375 10.902876809541015 0
1764170581478 10.987878581477048 0
1764170581584 10.832060989845356 0
1764170581687 11.71678390050674 0
1764170581787 12.149549711346 0
1764170581873 12.408008709234629 0
1764170581986 12.005404043873508 0
1764170582088 11.609212518440813 0
1764170582180 13.099708604142005 0
1764170582288 10.826636655085363 0
1764170582386 12.10732419817162 0
1764170582493 10.953959619015782 0
1764170582586 12.924002267853181 0
1764170582700 12.081064577452619 0
1764170582803 11.538948694740723 0
1764170582918 9.995219609609395 0
1764170583033 10.037581965251519 0
1764170583144 10.57824026552132 0
1764170583251 11.131143712447718 0
1764170583339 13.870465721532717 0
1764170583442 14.71788897466489 0
1764170583555 12.349772985578253 0
1764170583651 13.051080354475754 0
1764170583760 10.663331121500791 0
1764170583862 12.499266905865944 0
1764170583962 12.150464807052204 0
1764170584064 12.359198154210633 0
1764170584162 12.142479966649683 0
1764170584268 12.009185186881904 0
1764170584374 11.903833982784114 0
1764170584489 10.310228362134657 0
1764170584607 10.690646235095608 0
1764170584722 10.849545252309953 0
1764170584830 11.606899433533593 0
1764170584927 12.298496959318793 0
1764170585055 10.852408625409458 0
1764170585145 13.471650237840581 0
1764170585273 10.49770113504111 0
1764170585398 9.66819339595459 0
1764170585522 9.891223295750667 0
1764170585637 10.318319470787792 0
1764170585748 11.305310199647982 0
1764170585863 11.432608648247891 0
1764170585986 10.434967794261432 0
1764170586081 11.270345072201293 0
1764170586198 9.86922924882585 0
1764170586315 10.706883920161127 0
1764170586436 10.108583478941977 0
1764170586553 10.10432185015659 0
1764170586673 10.163771712158809 0
1764170586782 10.848001903564787 0
1764170586880 12.740550835487486 0
1764170587005 10.704971044565081 0
1764170587117 10.522879457285574 0
1764170587229 10.375751098973137 0
1764170587332 11.679296508438613 0
1764170587440 10.835782876363739 0
1764170587544 12.288228004230547 0
1764170587671 10.460289195808206 0
1764170587788 10.064703143971935 0
1764170587897 11.039414221756651 0
1764170588005 10.810284748139138 0
1764170588121 10.410001216149473 0
1764170588243 9.468446443043318 0
1764170588348 12.079498884008927 0
1764170588465 12.401111702442197 0
1764170588586 11.093694456199746 0
1764170588692 10.578853914447135 0
1764170588792 11.937476519541434 0
1764170588912 11.255646200085874 0
1764170589001 13.536388105365752 0
1764170589112 12.671498445633423 0
1764170589208 12.431250740960284 0
1764170589297 13.646359119850857 0
1764170589402 13.547931134726573 0
1764170589512 10.589644411678567 0
1764170589617 11.135931351985684 0
1764170589718 11.684144255572827 0
1764170589823 11.229248546247016 0
1764170589914 13.234916948553542 0
1764170590023 12.861465622451044 0
1764170590136 10.301820986289796 0
1764170590229 13.002731181662332 0
1764170590342 10.234078426301188 0
1764170590435 12.838121007508256 0
1764170590533 12.175153920063165 0
1764170590645 12.402358465459836 0
1764170590748 11.422738698599359 0
1764170590857 11.398742261429168 0
1764170590959 11.590861734965996 0
1764170591063 12.155676440157775 0
1764170591166 11.476057709934524 0
1764170591254 14.506386290141284 0
1764170591369 11.890605288299348 0
1764170591471 12.235425904317387 0
1764170591578 10.76757433939789 0
1764170591682 11.516517068965044 0
1764170591782 11.981945539519844 0
1764170591871 12.727599349404025 0
1764170591981 10.104029755824934 0
1764170592071 11.793314232210792 0
1764170592186 11.29380339866606 0
1764170592272 14.180006085398425 0
1764170592380 10.747763607337879 0
1764170592472 13.162482426189998 0
1764170592592 11.211808702021134 0
1764170592695 11.477973411562521 0
1764170592801 11.039356110554007 0
1764170592896 12.664993824979693 0
1764170593008 10.394702406915421 0
1764170593096 13.762600857721296 0
1764170593195 14.696023881935782 0
1764170593296 14.669501958589816 0
1764170593401 13.533811101825352 0
1764170593502 11.7346822297078 0
1764170593617 11.952444459642763 0
1764170593714 12.26010347549034 0
1764170593817 11.503977004684637 0
1764170593923 11.022095149998949 0
1764170594017 12.800546898366019 0
1764170594113 12.445821278616044 0
1764170594233 11.232436196138293 0
1764170594336 11.503913899692265 0
1764170594432 12.33462826760145 0
1764170594531 12.035132924922168 0
1764170594635 13.728545383726601 0
1764170594732 12.255195808874877 0
1764170594845 10.3592988591766 0
1764170594947 11.552328752031288 0
1764170595050 12.349263926510423 0
1764170595143 12.906345005846514 0
1764170595235 13.694926322457203 0
1764170595348 10.320274399996062 0
1764170595435 14.917111823995107 0
1764170595533 12.243926646855169 0
1764170595645 12.3780186571679 0
1764170595738 12.875086334181583 0
1764170595853 11.991743051068429 0
1764170595945 12.88315390167862 0
1764170596050 11.16926305249759 0
1764170596153 11.455684136638872 0
1764170596258 11.829069085330085 0
1764170596350 13.159591624153661 0
1764170596462 12.15176729632634 0
1764170596559 12.348064167596483 0
1764170596659 13.746543129356935 0
1764170596781 11.099800990811703 0
1764170596881 11.225672113158565 0
1764170596986 11.23673938494429 0
1764170597095 10.611211042550554 0
1764170597211 10.093889957138972 0
1764170597324 12.30365592154861 0
1764170597438 10.086971578638526 0
1764170597548 10.66460543311331 0
1764170597657 11.997334118986393 0
1764170597760 12.359489508160975 0
1764170597879 11.01352827493488 0
1764170597985 10.572773929439286 0
1764170598094 10.789844801107204 0
1764170598216 9.320634130514975 0
1764170598335 11.753985668687175 0
1764170598466 9.810870236435596 0
1764170598592 9.09872726838866 0
1764170598706 10.246278847633683 0
1764170598849 8.975459440026706 0
1764170598976 9.09647770179856 0
1764170599081 9.848327032801897 0
1764170599216 9.647267725627119 0
1764170599330 10.234378088208382 0
1764170599450 9.52246721638999 0
1764170599560 10.658047335173073 0
1764170599665 12.766766200046876 0
1764170599772 10.901034925486405 0
1764170599875 11.482875493475987 0
1764170599976 11.809784460306064 0
1764170600059 14.702823971507895 0
1764170600180 11.152809538497538 0
1764170600288 10.752640538157058 0
1764170600386 12.157649575498633 0
1764170600499 10.195271234355136 0
1764170600595 12.539137869696889 0
1764170600690 12.640413239827977 0
1764170600817 10.4307637978757 0
1764170600908 13.256375652261859 0
1764170601023 11.936695135452034 0
1764170601120 12.316915884557105 0
1764170601223 11.41941104722077 0
1764170601323 11.822833835546549 0
1764170601426 11.398308585342523 0
1764170601514 13.825157721947907 0
1764170601622 12.99274206288973 0
1764170601714 13.228196661336664 0
1764170601823 12.834742482244112 0
1764170601915 13.062094953364165 0
1764170602017 14.020035766215967 0
1764170602136 11.380031310453731 0
1764170602225 13.5593185271393 0
1764170602332 13.302750431340709 0
1764170602438 10.997328215253033 0
1764170602541 11.464921631979182 0
1764170602643 11.669093610284973 0
1764170602748 11.254558919812384 0
1764170602850 12.001625281133576 0
1764170602938 13.945452429637758 0
1764170603050 10.308327905919363 0
1764170603152 11.568674718733881 0
1764170603247 14.505282597343312 0
1764170603360 10.232780094123044 0
1764170603453 13.73340012900733 0
1764170603565 10.289715201130463 0
1764170603653 14.475646162713245 0
1764170603767 10.10838858321705 0
1764170603872 11.916279571908712 0
1764170603977 10.911045266890213 0
1764170604080 11.809917471723296 0
1764170604179 12.127558558793 0
1764170604288 10.796149292149293 0
1764170604392 11.284505511357674 0
1764170604499 10.93231785352173 0
1764170604592 12.939871289389087 0
1764170604698 11.034505982510234 0
1764170604798 11.940739053692422 0
1764170604899 11.680012030041688 0
1764170604992 12.99491580561709 0
1764170605107 11.90366506411166 0
1764170605217 12.290280423125385 0
1764170605329 10.379962234920573 0
1764170605450 11.454526586011962 0
1764170605574 9.252637825412688 0
1764170605680 10.64865784335878 0
1764170605786 11.125032160524118 0
1764170605894 10.921557445988558 0
1764170605992 12.07869879740128 0
1764170606104 12.375535157367985 0
1764170606207 11.42619279826086 0
1764170606318 10.522747457312454 0
1764170606416 12.122055686895603 0
1764170606530 12.154443555771929 0
1764170606623 12.88315390167862 0
1764170606734 12.51481887052547 0
1764170606838 11.349299852529326 0
1764170606926 13.731017278744982 0
1764170607037 12.57681224606066 0
1764170607153 9.972950866447281 0
1764170607240 14.973721131979822 0
1764170607347 10.953988226752537 0
1764170607456 11.390322458002249 0
1764170607558 11.584491054018372 0
1764170607674 12.024988603751732 0
1764170607779 11.293499303968055 0
1764170607881 11.587371398892731 0
1764170607991 10.641957328691875 0
1764170608111 11.258395539915554 0
1764170608226 10.058741285574163 0
1764170608329 11.402336847485088 0
1764170608438 10.723609662310036 0
