1764170815168 0.08735156059265137 0
1764170815262 0.07622432708740234 0
1764170815355 0.07723736763000488 0
1764170815439 0.07055306434631348 0
1764170815535 0.07661604881286621 0
1764170815624 0.07657694816589355 0
1764170815724 0.08124685287475586 0
1764170815824 0.0816805362701416 0
1764170815935 0.08667969703674316 0
1764170816037 0.08462357521057129 0
1764170816141 0.08100771903991699 0
1764170816229 0.07703685760498047 0
1764170816325 0.08221125602722168 0
1764170816401 0.061235666275024414 0
1764170816507 0.0790400505065918 0
1764170816591 0.07137131690979004 0
1764170816687 0.07724332809448242 0
1764170816767 0.062236785888671875 0
1764170816865 0.07097005844116211 0
1764170816943 0.06255364418029785 0
1764170817045 0.07739424705505371 0
1764170817136 0.07671904563903809 0
1764170817224 0.07482337951660156 0
1764170817312 0.07524418830871582 0
1764170817405 0.07932233810424805 0
1764170817497 0.07880091667175293 0
1764170817583 0.0700998306274414 0
1764170817680 0.07891845703125 0
1764170817758 0.06467652320861816 0
1764170817862 0.07950544357299805 0
1764170817948 0.07361268997192383 0
1764170818027 0.06652522087097168 0
1764170818111 0.062122344970703125 0
1764170818208 0.07353067398071289 0
1764170818288 0.06650447845458984 0
1764170818384 0.0733644962310791 0
1764170818477 0.08067154884338379 0
1764170818575 0.08434104919433594 0
1764170818655 0.0668954849243164 0
1764170818751 0.07268142700195312 0
1764170818848 0.0769495964050293 0
1764170818943 0.07661938667297363 0
1764170819033 0.07321786880493164 0
1764170819127 0.07346844673156738 0
1764170819223 0.0791780948638916 0
1764170819310 0.07552313804626465 0
1764170819392 0.06231689453125 0
1764170819487 0.07142877578735352 0
1764170819582 0.074737548828125 0
1764170819663 0.06987380981445312 0
1764170819760 0.07544088363647461 0
1764170819839 0.0649871826171875 0
1764170819935 0.07302546501159668 0
1764170820033 0.07874011993408203 0
1764170820127 0.07743477821350098 0
1764170820223 0.08052587509155273 0
1764170820303 0.06773948669433594 0
1764170820400 0.07292890548706055 0
1764170820495 0.07857251167297363 0
1764170820592 0.0809621810913086 0
1764170820670 0.06683754920959473 0
1764170820754 0.06269192695617676 0
1764170820861 0.07874894142150879 0
1764170820943 0.06918001174926758 0
1764170821040 0.07752346992492676 0
1764170821128 0.07400727272033691 0
1764170821222 0.07672715187072754 0
1764170821311 0.07644200325012207 0
1764170821406 0.08134698867797852 0
1764170821499 0.07961225509643555 0
1764170821587 0.07465267181396484 0
1764170821679 0.07614612579345703 0
1764170821773 0.07875370979309082 0
1764170821854 0.0682363510131836 0
1764170821950 0.07418155670166016 0
1764170822046 0.07710385322570801 0
1764170822129 0.06670165061950684 0
1764170822224 0.0771338939666748 0
1764170822304 0.06562280654907227 0
1764170822400 0.0726466178894043 0
1764170822480 0.06722283363342285 0
1764170822576 0.07095885276794434 0
1764170822655 0.06697463989257812 0
1764170822751 0.07286906242370605 0
1764170822830 0.06255650520324707 0
1764170822931 0.07641124725341797 0
1764170823024 0.07932448387145996 0
1764170823115 0.07627701759338379 0
1764170823185 0.05612444877624512 0
1764170823290 0.07797622680664062 0
1764170823375 0.07125639915466309 0
1764170823472 0.07428312301635742 0
1764170823569 0.07673120498657227 0
1764170823662 0.07614827156066895 0
1764170823755 0.07889652252197266 0
1764170823851 0.0816957950592041 0
1764170823935 0.06959104537963867 0
1764170824033 0.07501435279846191 0
1764170824126 0.07745909690856934 0
1764170824217 0.07757568359375 0
1764170824303 0.07227754592895508 0
1764170824400 0.07843852043151855 0
1764170824494 0.08003854751586914 0
1764170824576 0.0694887638092041 0
1764170824656 0.06228923797607422 0
1764170824752 0.07236504554748535 0
1764170824849 0.07811689376831055 0
1764170824944 0.07866954803466797 0
1764170825039 0.07710886001586914 0
1764170825119 0.06786417961120605 0
1764170825216 0.07772469520568848 0
1764170825295 0.06246495246887207 0
1764170825405 0.08239126205444336 0
1764170825500 0.07900333404541016 0
1764170825594 0.08062148094177246 0
1764170825680 0.07347345352172852 0
1764170825773 0.07597947120666504 0
1764170825855 0.06829595565795898 0
1764170825937 0.06364274024963379 0
1764170826036 0.0751039981842041 0
1764170826114 0.06322813034057617 0
1764170826224 0.07912707328796387 0
1764170826317 0.07737159729003906 0
1764170826400 0.06919670104980469 0
1764170826495 0.07515549659729004 0
1764170826576 0.06308174133300781 0
1764170826672 0.0691986083984375 0
1764170826767 0.07409048080444336 0
1764170826860 0.0762929916381836 0
1764170826943 0.07035636901855469 0
1764170827039 0.07621312141418457 0
1764170827118 0.06807756423950195 0
1764170827217 0.07958245277404785 0
1764170827296 0.06796813011169434 0
1764170827391 0.06966781616210938 0
1764170827472 0.06187295913696289 0
1764170827567 0.06730818748474121 0
1764170827663 0.07394051551818848 0
1764170827743 0.06200981140136719 0
1764170827840 0.06884264945983887 0
1764170827932 0.0775766372680664 0
1764170828027 0.08109521865844727 0
1764170828111 0.07098269462585449 0
1764170828203 0.07697105407714844 0
1764170828287 0.06937360763549805 0
1764170828367 0.06183981895446777 0
1764170828465 0.07077860832214355 0
1764170828560 0.07913374900817871 0
1764170828642 0.06896257400512695 0
1764170828741 0.07409787178039551 0
1764170828832 0.07350993156433105 0
1764170828911 0.06763291358947754 0
1764170829007 0.07602953910827637 0
1764170829088 0.06807971000671387 0
1764170829199 0.08658480644226074 0
1764170829280 0.06831240653991699 0
1764170829374 0.07881426811218262 0
1764170829456 0.0693662166595459 0
1764170829549 0.07204604148864746 0
1764170829626 0.06549787521362305 0
1764170829712 0.061248779296875 0
1764170829821 0.0759122371673584 0
1764170829902 0.06905364990234375 0
1764170830004 0.07957124710083008 0
1764170830079 0.05844879150390625 0
1764170830175 0.06888365745544434 0
1764170830272 0.07085204124450684 0
1764170830368 0.07500934600830078 0
1764170830463 0.07135224342346191 0
1764170830546 0.06251764297485352 0
1764170830651 0.07737278938293457 0
1764170830734 0.0707082748413086 0
1764170830826 0.07128047943115234 0
1764170830911 0.06647086143493652 0
1764170831016 0.0809946060180664 0
1764170831104 0.07335495948791504 0
1764170831202 0.0789339542388916 0
1764170831295 0.07762622833251953 0
1764170831375 0.06853079795837402 0
1764170831471 0.07449460029602051 0
1764170831551 0.06572461128234863 0
1764170831647 0.06969261169433594 0
1764170831744 0.0742337703704834 0
1764170831832 0.06856131553649902 0
1764170831919 0.061716318130493164 0
1764170832016 0.07283473014831543 0
1764170832096 0.06679415702819824 0
1764170832192 0.07531261444091797 0
1764170832288 0.07219815254211426 0
1764170832383 0.07583260536193848 0
1764170832465 0.06255555152893066 0
1764170832559 0.062459707260131836 0
1764170832656 0.07140755653381348 0
1764170832751 0.07082796096801758 0
1764170832846 0.07012391090393066 0
1764170832927 0.06069779396057129 0
1764170833027 0.0706632137298584 0
1764170833120 0.06984686851501465 0
1764170833222 0.07780909538269043 0
1764170833310 0.07657027244567871 0
1764170833390 0.0661919116973877 0
1764170833487 0.07189559936523438 0
1764170833583 0.07721066474914551 0
1764170833666 0.06921720504760742 0
1764170833760 0.0706186294555664 0
1764170833857 0.078033447265625 0
1764170833946 0.07346940040588379 0
1764170834033 0.07164645195007324 0
1764170834128 0.07116031646728516 0
1764170834226 0.0777430534362793 0
1764170834308 0.06530189514160156 0
1764170834416 0.07939887046813965 0
1764170834508 0.08071780204772949 0
1764170834591 0.07068824768066406 0
1764170834688 0.06894230842590332 0
1764170834790 0.0797274112701416 0
1764170834878 0.0703883171081543 0
1764170834978 0.0751190185546875 0
1764170835076 0.07709431648254395 0
1764170835166 0.07768106460571289 0
1764170835248 0.06952810287475586 0
1764170835356 0.08459281921386719 0
1764170835451 0.08129644393920898 0
1764170835541 0.07516956329345703 0
1764170835645 0.0876321792602539 0
1764170835742 0.0774850845336914 0
1764170835838 0.07524609565734863 0
1764170835936 0.08154416084289551 0
1764170836028 0.07915997505187988 0
1764170836118 0.07803821563720703 0
1764170836209 0.0769646167755127 0
1764170836297 0.07657337188720703 0
1764170836383 0.07003068923950195 0
1764170836480 0.07512164115905762 0
1764170836573 0.07485532760620117 0
1764170836667 0.08030009269714355 0
1764170836767 0.08763265609741211 0
1764170836860 0.07990574836730957 0
1764170836951 0.0771932601928711 0
1764170837042 0.07831120491027832 0
1764170837134 0.07701706886291504 0
1764170837223 0.07480859756469727 0
1764170837311 0.07467269897460938 0
1764170837403 0.07758355140686035 0
1764170837486 0.06997847557067871 0
1764170837568 0.06250238418579102 0
1764170837664 0.0712425708770752 0
1764170837777 0.09051322937011719 0
1764170837898 0.09572029113769531 0
1764170837984 0.07348513603210449 0
1764170838079 0.07069730758666992 0
1764170838179 0.07453274726867676 0
1764170838271 0.07552289962768555 0
1764170838369 0.07715868949890137 0
1764170838463 0.07641363143920898 0
1764170838559 0.07759618759155273 0
1764170838639 0.06610751152038574 0
1764170838734 0.0694580078125 0
1764170838832 0.07763242721557617 0
1764170838913 0.06366634368896484 0
1764170839018 0.08032560348510742 0
1764170839103 0.07162618637084961 0
1764170839198 0.07529139518737793 0
1764170839279 0.06724715232849121 0
1764170839376 0.07527399063110352 0
1764170839471 0.07852768898010254 0
1764170839563 0.07933759689331055 0
1764170839655 0.07945990562438965 0
1764170839743 0.07371759414672852 0
1764170839844 0.08167123794555664 0
1764170839919 0.06407546997070312 0
1764170840012 0.07211828231811523 0
1764170840095 0.06985306739807129 0
1764170840175 0.06020188331604004 0
1764170840273 0.0722501277923584 0
1764170840369 0.07322549819946289 0
1764170840463 0.07854199409484863 0
1764170840544 0.06882786750793457 0
1764170840643 0.08107614517211914 0
1764170840718 0.06300544738769531 0
1764170840815 0.062418460845947266 0
1764170840913 0.07052493095397949 0
1764170841017 0.08111333847045898 0
1764170841104 0.07361936569213867 0
1764170841200 0.06911683082580566 0
1764170841295 0.07529020309448242 0
1764170841393 0.07935357093811035 0
1764170841486 0.07942533493041992 0
1764170841568 0.06522846221923828 0
1764170841664 0.06763410568237305 0
1764170841759 0.07215285301208496 0
1764170841844 0.06654834747314453 0
1764170841936 0.06730508804321289 0
1764170842030 0.07519316673278809 0
1764170842114 0.07077813148498535 0
1764170842206 0.07596063613891602 0
1764170842287 0.06866049766540527 0
1764170842383 0.06954693794250488 0
1764170842480 0.07607507705688477 0
1764170842575 0.07667016983032227 0
1764170842661 0.07048225402832031 0
1764170842753 0.0722646713256836 0
1764170842847 0.07511305809020996 0
1764170842942 0.07656574249267578 0
1764170843033 0.07658004760742188 0
1764170843120 0.07417058944702148 0
1764170843215 0.0773766040802002 0
1764170843295 0.06800985336303711 0
1764170843394 0.07644224166870117 0
1764170843484 0.07725381851196289 0
1764170843567 0.06995868682861328 0
1764170843648 0.06318211555480957 0
1764170843743 0.06999731063842773 0
1764170843826 0.06406140327453613 0
1764170843920 0.07433700561523438 0
1764170844021 0.08141040802001953 0
1764170844113 0.07872509956359863 0
1764170844210 0.08039307594299316 0
1764170844287 0.06280112266540527 0
1764170844384 0.07198143005371094 0
1764170844480 0.07748985290527344 0
1764170844575 0.0796198844909668 0
1764170844671 0.07770204544067383 0
1764170844764 0.08079004287719727 0
1764170844857 0.07959246635437012 0
1764170844944 0.07401347160339355 0
1764170845025 0.06556272506713867 0
1764170845120 0.07247328758239746 0
1764170845211 0.07613730430603027 0
1764170845295 0.07025265693664551 0
1764170845391 0.07359147071838379 0
1764170845488 0.07812619209289551 0
1764170845580 0.07880139350891113 0
1764170845666 0.07430338859558105 0
1764170845756 0.07475519180297852 0
1764170845837 0.06927728652954102 0
1764170845935 0.07251143455505371 0
1764170846037 0.07793688774108887 0
1764170846126 0.07514476776123047 0
1764170846216 0.07637906074523926 0
1764170846303 0.0728003978729248 0
1764170846384 0.06287240982055664 0
1764170846493 0.08114123344421387 0
1764170846576 0.07143688201904297 0
1764170846668 0.07308602333068848 0
1764170846767 0.08248710632324219 0
1764170846860 0.08124852180480957 0
1764170846956 0.08232450485229492 0
1764170847052 0.08336472511291504 0
1764170847135 0.06912016868591309 0
1764170847230 0.07702350616455078 0
1764170847327 0.08203935623168945 0
1764170847425 0.0771024227142334 0
1764170847516 0.07683944702148438 0
1764170847608 0.0758357048034668 0
1764170847705 0.07973241806030273 0
1764170847797 0.07997703552246094 0
1764170847892 0.08289170265197754 0
1764170848003 0.08419990539550781 0
1764170848116 0.08388543128967285 0
1764170848216 0.08027982711791992 0
1764170848312 0.08002471923828125 0
1764170848415 0.08060693740844727 0
1764170848506 0.07810020446777344 0
1764170848609 0.08714127540588379 0
1764170848700 0.07679152488708496 0
1764170848807 0.076629638671875 0
1764170848908 0.0776820182800293 0
1764170849014 0.07460665702819824 0
1764170849089 0.06011462211608887 0
1764170849183 0.0693364143371582 0
1764170849280 0.07568717002868652 0
1764170849372 0.07415294647216797 0
1764170849456 0.06897783279418945 0
1764170849561 0.08191394805908203 0
1764170849653 0.0792081356048584 0
1764170849750 0.08110332489013672 0
1764170849837 0.07490205764770508 0
1764170849934 0.07708048820495605 0
1764170850025 0.07909560203552246 0
1764170850113 0.07573366165161133 0
1764170850225 0.1004183292388916 0
1764170850313 0.07694411277770996 0
1764170850400 0.0746457576751709 0
1764170850492 0.08030009269714355 0
1764170850572 0.06895780563354492 0
1764170850672 0.07932209968566895 0
1764170850766 0.08044815063476562 0
1764170850857 0.07860636711120605 0
1764170850940 0.06843709945678711 0
1764170851043 0.08152508735656738 0
1764170851138 0.0797567367553711 0
1764170851232 0.08233809471130371 0
1764170851323 0.0767209529876709 0
1764170851415 0.07667016983032227 0
1764170851510 0.07874679565429688 0
1764170851599 0.07611608505249023 0
1764170851695 0.08344650268554688 0
1764170851775 0.06801795959472656 0
1764170851873 0.0753018856048584 0
1764170851967 0.07481646537780762 0
1764170852047 0.06769132614135742 0
1764170852142 0.07432174682617188 0
1764170852236 0.07845616340637207 0
1764170852426 0.17676568031311035 0
