1764170815168 0.0 0
1764170815262 0.0 0
1764170815355 0.0 0
1764170815439 0.0 0
1764170815535 0.0 0
1764170815624 0.0 0
1764170815724 0.0 0
1764170815824 0.0 0
1764170815935 0.0 0
1764170816037 0.0 0
1764170816141 0.0 0
1764170816229 0.0 0
1764170816325 0.0 0
1764170816401 0.0 0
1764170816507 0.0 0
1764170816591 0.0 0
1764170816687 0.0 0
1764170816767 0.0 0
1764170816865 0.0 0
1764170816943 0.0 0
1764170817045 0.0 0
1764170817136 0.0 0
1764170817224 0.0 0
1764170817312 0.0 0
1764170817405 0.0 0
1764170817497 0.0 0
1764170817583 0.0 0
1764170817680 0.0 0
1764170817758 0.0 0
1764170817862 0.0 0
1764170817948 0.0 0
1764170818027 0.0 0
1764170818111 0.0 0
1764170818208 0.0 0
1764170818288 0.0 0
1764170818384 0.0 0
1764170818477 0.0 0
1764170818575 0.0 0
1764170818655 0.0 0
1764170818751 0.0 0
1764170818848 0.0 0
1764170818943 0.0 0
1764170819033 0.0 0
1764170819127 0.0 0
1764170819223 0.0 0
1764170819310 0.0 0
1764170819392 0.0 0
1764170819487 0.0 0
1764170819582 0.0 0
1764170819663 0.0 0
1764170819760 0.0 0
1764170819839 0.0 0
1764170819935 0.0 0
1764170820033 0.0 0
1764170820127 0.0 0
1764170820223 0.0 0
1764170820303 0.0 0
1764170820400 0.0 0
1764170820495 0.0 0
1764170820592 0.0 0
1764170820670 0.0 0
1764170820754 0.0 0
1764170820861 0.0 0
1764170820943 0.0 0
1764170821040 0.0 0
1764170821128 0.0 0
1764170821222 0.0 0
1764170821311 0.0 0
1764170821406 0.0 0
1764170821499 0.0 0
1764170821587 0.0 0
1764170821679 0.0 0
1764170821773 0.0 0
1764170821854 0.0 0
1764170821950 0.0 0
1764170822046 0.0 0
1764170822129 0.0 0
1764170822224 0.0 0
1764170822304 0.0 0
1764170822400 0.0 0
1764170822480 0.0 0
1764170822576 0.0 0
1764170822655 0.0 0
1764170822751 0.0 0
1764170822830 0.0 0
1764170822931 0.0 0
1764170823024 0.0 0
1764170823115 0.0 0
1764170823185 0.0 0
1764170823290 0.0 0
1764170823375 0.0 0
1764170823472 0.0 0
1764170823569 0.0 0
1764170823662 0.0 0
1764170823755 0.0 0
1764170823851 0.0 0
1764170823935 0.0 0
1764170824033 0.0 0
1764170824126 0.0 0
1764170824217 0.0 0
1764170824303 0.0 0
1764170824400 0.0 0
1764170824494 0.0 0
1764170824576 0.0 0
1764170824656 0.0 0
1764170824752 0.0 0
1764170824849 0.0 0
1764170824944 0.0 0
1764170825039 0.0 0
1764170825119 0.0 0
1764170825216 0.0 0
1764170825295 0.0 0
1764170825405 0.0 0
1764170825500 0.0 0
1764170825594 0.0 0
1764170825680 0.0 0
1764170825773 0.0 0
1764170825855 0.0 0
1764170825937 0.0 0
1764170826036 0.0 0
1764170826114 0.0 0
1764170826224 0.0 0
1764170826317 0.0 0
1764170826400 0.0 0
1764170826495 0.0 0
1764170826576 0.0 0
1764170826672 0.0 0
1764170826767 0.0 0
1764170826860 0.0 0
1764170826943 0.0 0
1764170827039 0.0 0
1764170827118 0.0 0
1764170827217 0.0 0
1764170827296 0.0 0
1764170827391 0.0 0
1764170827472 0.0 0
1764170827567 0.0 0
1764170827663 0.0 0
1764170827743 0.0 0
1764170827840 0.0 0
1764170827932 0.0 0
1764170828027 0.0 0
1764170828111 0.0 0
1764170828203 0.0 0
1764170828287 0.0 0
1764170828367 0.0 0
1764170828465 0.0 0
1764170828560 0.0 0
1764170828642 0.0 0
1764170828741 0.0 0
1764170828832 0.0 0
1764170828911 0.0 0
1764170829007 0.0 0
1764170829088 0.0 0
1764170829199 0.0 0
1764170829280 0.0 0
1764170829374 0.0 0
1764170829456 0.0 0
1764170829549 0.0 0
1764170829626 0.0 0
1764170829712 0.0 0
1764170829821 0.0 0
1764170829902 0.0 0
1764170830004 0.0 0
1764170830079 0.0 0
1764170830175 0.0 0
1764170830272 0.0 0
1764170830368 0.0 0
1764170830463 0.0 0
1764170830546 0.0 0
1764170830651 0.0 0
1764170830734 0.0 0
1764170830826 0.0 0
1764170830911 0.0 0
1764170831016 0.0 0
1764170831104 0.0 0
1764170831202 0.0 0
1764170831295 0.0 0
1764170831375 0.0 0
1764170831471 0.0 0
1764170831551 0.0 0
1764170831647 0.0 0
1764170831744 0.0 0
1764170831832 0.0 0
1764170831919 0.0 0
1764170832016 0.0 0
1764170832096 0.0 0
1764170832192 1.0 0
1764170832288 0.0 0
1764170832383 0.0 0
1764170832465 0.0 0
1764170832559 0.0 0
1764170832656 0.0 0
1764170832751 0.0 0
1764170832846 0.0 0
1764170832927 0.0 0
1764170833027 0.0 0
1764170833120 0.0 0
1764170833222 0.0 0
1764170833310 0.0 0
1764170833390 0.0 0
1764170833487 0.0 0
1764170833583 0.0 0
1764170833666 0.0 0
1764170833760 0.0 0
1764170833857 0.0 0
1764170833946 0.0 0
1764170834033 0.0 0
1764170834128 0.0 0
1764170834226 0.0 0
1764170834308 0.0 0
1764170834416 0.0 0
1764170834508 0.0 0
1764170834591 0.0 0
1764170834688 0.0 0
1764170834790 0.0 0
1764170834878 0.0 0
1764170834978 0.0 0
1764170835076 0.0 0
1764170835166 0.0 0
1764170835248 0.0 0
1764170835356 0.0 0
1764170835451 0.0 0
1764170835541 0.0 0
1764170835645 0.0 0
1764170835742 0.0 0
1764170835838 0.0 0
1764170835936 0.0 0
1764170836028 0.0 0
1764170836118 0.0 0
1764170836209 0.0 0
1764170836297 0.0 0
1764170836383 0.0 0
1764170836480 0.0 0
1764170836573 0.0 0
1764170836667 0.0 0
1764170836767 0.0 0
1764170836860 0.0 0
1764170836951 0.0 0
1764170837042 0.0 0
1764170837134 0.0 0
1764170837223 0.0 0
1764170837311 0.0 0
1764170837403 0.0 0
1764170837486 0.0 0
1764170837568 0.0 0
1764170837664 0.0 0
1764170837777 0.0 0
1764170837898 0.0 0
1764170837984 0.0 0
1764170838079 0.0 0
1764170838179 0.0 0
1764170838271 0.0 0
1764170838369 0.0 0
1764170838463 0.0 0
1764170838559 0.0 0
1764170838639 0.0 0
1764170838734 0.0 0
1764170838832 0.0 0
1764170838913 0.0 0
1764170839018 0.0 0
1764170839103 0.0 0
1764170839198 0.0 0
1764170839279 0.0 0
1764170839376 0.0 0
1764170839471 0.0 0
1764170839563 0.0 0
1764170839655 0.0 0
1764170839743 0.0 0
1764170839844 0.0 0
1764170839919 0.0 0
1764170840012 0.0 0
1764170840095 0.0 0
1764170840175 0.0 0
1764170840273 0.0 0
1764170840369 0.0 0
1764170840463 0.0 0
1764170840544 0.0 0
1764170840643 0.0 0
1764170840718 0.0 0
1764170840815 0.0 0
1764170840913 0.0 0
1764170841017 0.0 0
1764170841104 0.0 0
1764170841200 0.0 0
1764170841295 0.0 0
1764170841393 0.0 0
1764170841486 0.0 0
1764170841568 0.0 0
1764170841664 0.0 0
1764170841759 0.0 0
1764170841844 0.0 0
1764170841936 0.0 0
1764170842030 0.0 0
1764170842114 0.0 0
1764170842206 0.0 0
1764170842287 0.0 0
1764170842383 0.0 0
1764170842480 0.0 0
1764170842575 0.0 0
1764170842661 0.0 0
1764170842753 0.0 0
1764170842847 0.0 0
1764170842942 0.0 0
1764170843033 1.0 0
1764170843120 0.0 0
1764170843215 0.0 0
1764170843295 0.0 0
1764170843394 0.0 0
1764170843484 0.0 0
1764170843567 0.0 0
1764170843648 0.0 0
1764170843743 0.0 0
1764170843826 0.0 0
1764170843920 0.0 0
1764170844021 0.0 0
1764170844113 0.0 0
1764170844210 0.0 0
1764170844287 0.0 0
1764170844384 0.0 0
1764170844480 0.0 0
1764170844575 0.0 0
1764170844671 0.0 0
1764170844764 0.0 0
1764170844857 0.0 0
1764170844944 0.0 0
1764170845025 0.0 0
1764170845120 0.0 0
1764170845211 0.0 0
1764170845295 0.0 0
1764170845391 0.0 0
1764170845488 0.0 0
1764170845580 0.0 0
1764170845666 0.0 0
1764170845756 0.0 0
1764170845837 0.0 0
1764170845935 0.0 0
1764170846037 0.0 0
1764170846126 0.0 0
1764170846216 0.0 0
1764170846303 0.0 0
1764170846384 0.0 0
1764170846493 0.0 0
1764170846576 0.0 0
1764170846668 0.0 0
1764170846767 0.0 0
1764170846860 0.0 0
1764170846956 0.0 0
1764170847052 0.0 0
1764170847135 0.0 0
1764170847230 0.0 0
1764170847327 0.0 0
1764170847425 0.0 0
1764170847516 0.0 0
1764170847608 0.0 0
1764170847705 0.0 0
1764170847797 0.0 0
1764170847892 0.0 0
1764170848003 0.0 0
1764170848116 0.0 0
1764170848216 0.0 0
1764170848312 0.0 0
1764170848415 0.0 0
1764170848506 0.0 0
1764170848609 0.0 0
1764170848700 0.0 0
1764170848807 0.0 0
1764170848908 0.0 0
1764170849014 0.0 0
1764170849089 0.0 0
1764170849183 0.0 0
1764170849280 0.0 0
1764170849372 0.0 0
1764170849456 0.0 0
1764170849561 0.0 0
1764170849653 0.0 0
1764170849750 0.0 0
1764170849837 0.0 0
1764170849934 0.0 0
1764170850025 0.0 0
1764170850113 0.0 0
1764170850225 0.0 0
1764170850313 0.0 0
1764170850400 0.0 0
1764170850492 0.0 0
1764170850572 0.0 0
1764170850672 0.0 0
1764170850766 0.0 0
1764170850857 0.0 0
1764170850940 0.0 0
1764170851043 0.0 0
1764170851138 0.0 0
1764170851232 0.0 0
1764170851323 0.0 0
1764170851415 0.0 0
1764170851510 0.0 0
1764170851599 0.0 0
1764170851695 0.0 0
1764170851775 0.0 0
1764170851873 0.0 0
1764170851967 0.0 0
1764170852047 0.0 0
1764170852142 0.0 0
1764170852236 0.0 0
1764170852426 0.0 0
