1764170815168 11.447992379475897 0
1764170815262 13.119171243759931 0
1764170815355 12.947101004145612 0
1764170815439 14.173728799240338 0
1764170815535 13.052095683536072 0
1764170815624 13.05876016152584 0
1764170815724 12.308169050455728 0
1764170815824 12.242818738269609 0
1764170815935 11.536726986667986 0
1764170816037 11.817037953214232 0
1764170816141 12.344502620882889 0
1764170816229 12.980799465207541 0
1764170816325 12.163784478233508 0
1764170816401 16.33035224126989 0
1764170816507 12.651813777834084 0
1764170816591 14.011230887948342 0
1764170816687 12.946101943935156 0
1764170816767 16.067667790376955 0
1764170816865 14.090449155104647 0
1764170816943 15.986278866786854 0
1764170817045 12.92085701523343 0
1764170817136 13.034572988628982 0
1764170817224 13.364806648142956 0
1764170817312 13.290062960040812 0
1764170817405 12.606789258856274 0
1764170817497 12.690207706155546 0
1764170817583 14.26536970274131 0
1764170817680 12.671307037896366 0
1764170817758 15.461560863042028 0
1764170817862 12.577755120400635 0
1764170817948 13.584614288397884 0
1764170818027 15.031892970931128 0
1764170818111 16.097267424009825 0
1764170818208 13.599766544534873 0
1764170818288 15.036581343658135 0
1764170818384 13.630571344077111 0
1764170818477 12.395943976994985 0
1764170818575 11.856622718740812 0
1764170818655 14.948691995152897 0
1764170818751 13.758673174828111 0
1764170818848 12.995519752130132 0
1764170818943 13.051527079800227 0
1764170819033 13.657868172374942 0
1764170819127 13.611285449571474 0
1764170819223 12.629755764129156 0
1764170819310 13.24097522784886 0
1764170819392 16.047012732615084 0
1764170819487 13.999959945793307 0
1764170819582 13.380155165373623 0
1764170819663 14.311513894196647 0
1764170819760 13.255412076277882 0
1764170819839 15.387649683024184 0
1764170819935 13.693853231077636 0
1764170820033 12.700006055834796 0
1764170820127 12.914093939067383 0
1764170820223 12.418368615840118 0
1764170820303 14.762438406307194 0
1764170820400 13.711984203265269 0
1764170820495 12.72709728514339 0
1764170820592 12.351445903763473 0
1764170820670 14.961649728719363 0
1764170820754 15.951017117387783 0
1764170820861 12.69858339615558 0
1764170820943 14.455042355649603 0
1764170821040 12.899319405702476 0
1764170821128 13.51218553585753 0
1764170821222 13.033195884617655 0
1764170821311 13.081813106440315 0
1764170821406 12.293018048383031 0
1764170821499 12.560880216100959 0
1764170821587 13.39536785089232 0
1764170821679 13.132644498716262 0
1764170821773 12.697814523624276 0
1764170821854 14.654945423544046 0
1764170821950 13.480439673458893 0
1764170822046 12.969520434636067 0
1764170822129 14.992132739029264 0
1764170822224 12.964469295846046 0
1764170822304 15.238604573429926 0
1764170822400 13.765265735046045 0
1764170822480 14.87589775600898 0
1764170822576 14.092674289285439 0
1764170822655 14.931024662527767 0
1764170822751 13.72324504719682 0
1764170822830 15.985547734020376 0
1764170822931 13.087078616626936 0
1764170823024 12.606448238861955 0
1764170823115 13.110108805391196 0
1764170823185 17.81754693015807 0
1764170823290 12.824421505797172 0
1764170823375 14.033827303418532 0
1764170823472 13.46200804965882 0
1764170823569 13.032507441724615 0
1764170823662 13.132274436502197 0
1764170823755 12.674829866189606 0
1764170823851 12.24053207726677 0
1764170823935 14.369664869161248 0
1764170824033 13.330782212927442 0
1764170824126 12.910039490653674 0
1764170824217 12.890637293469709 0
1764170824303 13.835555526234192 0
1764170824400 12.748838128239031 0
1764170824494 12.49397985141761 0
1764170824576 14.390815797870697 0
1764170824656 16.05413764066447 0
1764170824752 13.81882637445185 0
1764170824849 12.801328262820238 0
1764170824944 12.711398819265131 0
1764170825039 12.968678304856255 0
1764170825119 14.735314060068227 0
1764170825216 12.865923724160355 0
1764170825295 16.00897720202903 0
1764170825405 12.137209396540248 0
1764170825500 12.657693654108472 0
1764170825594 12.403642159863493 0
1764170825680 13.610357919330239 0
1764170825773 13.161449851105024 0
1764170825855 14.642155459515315 0
1764170825937 15.712711238981482 0
1764170826036 13.314870368783113 0
1764170826114 15.815745216781425 0
1764170826224 12.637899500727666 0
1764170826317 12.924639467521262 0
1764170826400 14.451555996582044 0
1764170826495 13.305746688873027 0
1764170826576 15.852447615880022 0
1764170826672 14.451157662624036 0
1764170826767 13.497010535529254 0
1764170826860 13.107363842048025 0
1764170826943 14.21335429826226 0
1764170827039 13.121100165487814 0
1764170827118 14.68912719147714 0
1764170827217 12.565584059581836 0
1764170827296 14.712777861575212 0
1764170827391 14.35383014838745 0
1764170827472 16.162149248210117 0
1764170827567 14.857033555192677 0
1764170827663 13.524385013978055 0
1764170827743 16.126480268216913 0
1764170827840 14.525879056752105 0
1764170827932 12.890478824758743 0
1764170828027 12.33118322563195 0
1764170828111 14.087940804035966 0
1764170828203 12.991896914880437 0
1764170828287 14.414703719232646 0
1764170828367 16.170810602409638 0
1764170828465 14.128562622319086 0
1764170828560 12.636833367981176 0
1764170828642 14.500618841832326 0
1764170828741 13.495664260961616 0
1764170828832 13.603604012675019 0
1764170828911 14.785700436770506 0
1764170829007 13.152782612240546 0
1764170829088 14.68866421289665 0
1764170829199 11.549370392908969 0
1764170829280 14.638629359597658 0
1764170829374 12.688057936116598 0
1764170829456 14.416239607070802 0
1764170829549 13.88001310464189 0
1764170829626 15.267670847924053 0
1764170829712 16.326856003986048 0
1764170829821 13.173106699455714 0
1764170829902 14.481493757595846 0
1764170830004 12.567353616223116 0
1764170830079 17.108993603968152 0
1764170830175 14.517231473181065 0
1764170830272 14.113919407756372 0
1764170830368 13.331672027767535 0
1764170830463 14.014976292548944 0
1764170830546 15.995484673058295 0
1764170830651 12.924440335875511 0
1764170830734 14.142616295537003 0
1764170830826 14.029086335844159 0
1764170830911 15.044185954755935 0
1764170831016 12.34650119511592 0
1764170831104 13.632343429550204 0
1764170831202 12.668819263425286 0
1764170831295 12.882243817339706 0
1764170831375 14.591979515653756 0
1764170831471 13.423791738277437 0
1764170831551 15.215000598543906 0
1764170831647 14.348723281972687 0
1764170831744 13.470957961709795 0
1764170831832 14.58548442623806 0
1764170831919 16.203170090049717 0
1764170832016 13.729713804989345 0
1764170832096 14.971369420499366 0
1764170832192 13.277988122222082 0
1764170832288 13.850769926788432 0
1764170832383 13.186939776460786 0
1764170832465 15.985791437511672 0
1764170832559 16.010321595572098 0
1764170832656 14.004120131550392 0
1764170832751 14.118717895204561 0
1764170832846 14.260471030630251 0
1764170832927 16.475063338374216 0
1764170833027 14.15163487784387 0
1764170833120 14.317034124228988 0
1764170833222 12.851967949012579 0
1764170833310 13.059898679470294 0
1764170833390 15.107586023073958 0
1764170833487 13.90905714437311 0
1764170833583 12.95157868733499 0
1764170833666 14.447275057006456 0
1764170833760 14.160569352725897 0
1764170833857 12.815017598748533 0
1764170833946 13.611108767398013 0
1764170834033 13.957425284602355 0
1764170834128 14.052776177010601 0
1764170834226 12.862885567256914 0
1764170834308 15.313491252154103 0
1764170834416 12.594637607612688 0
1764170834508 12.388840808731226 0
1764170834591 14.146623134831763 0
1764170834688 14.504881296145799 0
1764170834790 12.542737611430589 0
1764170834878 14.206903092504149 0
1764170834978 13.312208003250051 0
1764170835076 12.97112479395838 0
1764170835166 12.873150040820335 0
1764170835248 14.382673460850004 0
1764170835356 11.821334355482401 0
1764170835451 12.300661031960631 0
1764170835541 13.303256746298576 0
1764170835645 11.41133323901664 0
1764170835742 12.905709608733646 0
1764170835838 13.289726081652699 0
1764170835936 12.263293774358884 0
1764170836028 12.632646730176706 0
1764170836118 12.814234562318982 0
1764170836209 12.992983553946093 0
1764170836297 13.059370057165632 0
1764170836383 14.279453920266912 0
1764170836480 13.31174325495187 0
1764170836573 13.359102577986151 0
1764170836667 12.453285748642381 0
1764170836767 11.411271146322486 0
1764170836860 12.514744188405754 0
1764170836951 12.95449884486614 0
1764170837042 12.769564727623676 0
1764170837134 12.9841347478431 0
1764170837223 13.367447493386877 0
1764170837311 13.391775223499362 0
1764170837403 12.889330043114972 0
1764170837486 14.290108377539513 0
1764170837568 15.999389671719676 0
1764170837664 14.03655128792924 0
1764170837777 11.048108734590665 0
1764170837898 10.447105708877155 0
1764170837984 13.6081941736233 0
1764170838079 14.144810235864647 0
1764170838179 13.416921241279153 0
1764170838271 13.241017028342688 0
1764170838369 12.960303064948228 0
1764170838463 13.086670285988856 0
1764170838559 12.887231074595498 0
1764170838639 15.126874042016048 0
1764170838734 14.397188049209138 0
1764170838832 12.881215181165429 0
1764170838913 15.706885962941326 0
1764170839018 12.449330681784453 0
1764170839103 13.96137433343763 0
1764170839198 13.28173023638753 0
1764170839279 14.870518161351509 0
1764170839376 13.284801185853377 0
1764170839471 12.73436176446478 0
1764170839563 12.604364628597873 0
1764170839655 12.584963349025891 0
1764170839743 13.565282638084827 0
1764170839844 12.244212591299474 0
1764170839919 15.60659641602667 0
1764170840012 13.866109505894487 0
1764170840095 14.31576360564534 0
1764170840175 16.610776024237143 0
1764170840273 13.840805968868693 0
1764170840369 13.656445153518055 0
1764170840463 12.732042412780903 0
1764170840544 14.52899873564612 0
1764170840643 12.33408418563892 0
1764170840718 15.871643508007145 0
1764170840815 16.020901291815953 0
1764170840913 14.179382900105814 0
1764170841017 12.328428577307225 0
1764170841104 13.583382451049609 0
1764170841200 14.468255966774406 0
1764170841295 13.281940530099117 0
1764170841393 12.601827342841606 0
1764170841486 12.590441083768093 0
1764170841568 15.330730880009357 0
1764170841664 14.78543982966603 0
1764170841759 13.859465818108522 0
1764170841844 15.026669150628395 0
1764170841936 14.857717730908472 0
1764170842030 13.299080800169952 0
1764170842114 14.12865780742088 0
1764170842206 13.164713341410286 0
1764170842287 14.564415260623022 0
1764170842383 14.378778269529416 0
1764170842480 13.144909459010536 0
1764170842575 13.042882286723595 0
1764170842661 14.187968500527697 0
1764170842753 13.838020455295283 0
1764170842847 13.313264370078116 0
1764170842942 13.060671358286106 0
1764170843033 13.058231631382316 0
1764170843120 13.48243296238436 0
1764170843215 12.923803155841634 0
1764170843295 14.70375174405968 0
1764170843394 13.081772305081996 0
1764170843484 12.944343972397277 0
1764170843567 14.294150524149025 0
1764170843648 15.827263636535159 0
1764170843743 14.286263156102047 0
1764170843826 15.610023335181788 0
1764170843920 13.452250218094115 0
1764170844021 12.283441691559773 0
1764170844113 12.702429155928128 0
1764170844210 12.438882183200718 0
1764170844287 15.923282221049554 0
1764170844384 13.892471978589787 0
1764170844480 12.904915450316292 0
1764170844575 12.559676598293157 0
1764170844671 12.869674077801575 0
1764170844764 12.377762956754747 0
1764170844857 12.564003175221291 0
1764170844944 13.511053843799829 0
1764170845025 15.252569184333975 0
1764170845120 13.798187350933464 0
1764170845211 13.134166084742738 0
1764170845295 14.234337085667937 0
1764170845391 13.588531255568334 0
1764170845488 12.799804690480187 0
1764170845580 12.690130916110215 0
1764170845666 13.458336408354217 0
1764170845756 13.376997314588609 0
1764170845837 14.434745500223698 0
1764170845935 13.790928370624886 0
1764170846037 12.830894701903693 0
1764170846126 13.3076464242655 0
1764170846216 13.092593575292565 0
1764170846303 13.736188664044514 0
1764170846384 15.905227791555747 0
1764170846493 12.324190273586597 0
1764170846576 13.998371313762398 0
1764170846668 13.682506646658728 0
1764170846767 12.123106805096308 0
1764170846860 12.307916227723963 0
1764170846956 12.147051498143611 0
1764170847052 11.99548128594594 0
1764170847135 14.467557284821893 0
1764170847230 12.983049588311768 0
1764170847327 12.189271660980301 0
1764170847425 12.969761063233053 0
1764170847516 13.014148835823859 0
1764170847608 13.186400819924673 0
1764170847705 12.541949991328321 0
1764170847797 12.503589229925353 0
1764170847892 12.063933638792774 0
1764170848003 11.876497904632462 0
1764170848116 11.92102114307315 0
1764170848216 12.456429415712853 0
1764170848312 12.496138812088855 0
1764170848415 12.405880091100004 0
1764170848506 12.804063789777029 0
1764170848609 11.475618130928572 0
1764170848700 13.02227038036307 0
1764170848807 13.049780963759458 0
1764170848908 12.872992001767836 0
1764170849014 13.403629646909943 0
1764170849089 16.634887899135002 0
1764170849183 14.422436025280415 0
1764170849280 13.21227890567167 0
1764170849372 13.485640794804192 0
1764170849456 14.497411117332724 0
1764170849561 12.207933126098752 0
1764170849653 12.624965760949724 0
1764170849750 12.329950730806768 0
1764170849837 13.350768075069551 0
1764170849934 12.973451820141726 0
1764170850025 12.642927979116868 0
1764170850113 13.20416810955454 0
1764170850225 9.958341346439212 0
1764170850313 12.996445912489504 0
1764170850400 13.39660861038625 0
1764170850492 12.453285748642381 0
1764170850572 14.501621546865817 0
1764170850672 12.606827151105648 0
1764170850766 12.430366541799042 0
1764170850857 12.721615776814609 0
1764170850940 14.611957665321935 0
1764170851043 12.266162876051716 0
1764170851138 12.538125814590284 0
1764170851232 12.145046633714685 0
1764170851323 13.034248937975269 0
1764170851415 13.042882286723595 0
1764170851510 12.69892941917357 0
1764170851599 13.137827560500417 0
1764170851695 11.983725714285715 0
1764170851775 14.701999383079555 0
1764170851873 13.279879938829593 0
1764170851967 13.36604175230957 0
1764170852047 14.772941483104276 0
1764170852142 13.455012061797465 0
1764170852236 12.745971209685507 0
1764170852426 5.657206750929649 0
