1764175628508 9.681248268857908 0
1764175628600 12.954778929161582 0
1764175628704 11.38469556153913 0
1764175628806 11.849822717577092 0
1764175628905 12.031887641674244 0
1764175629001 12.478999372227461 0
1764175629095 12.569462674937817 0
1764175629196 11.267529355508573 0
1764175629302 11.68141080271154 0
1764175629408 12.192070786787939 0
1764175629518 11.288332198481541 0
1764175629615 12.026747106793444 0
1764175629712 11.684437201398465 0
1764175629808 12.319918695604922 0
1764175629898 13.018794250294096 0
1764175629998 12.27427534641441 0
1764175630093 12.22814894286947 0
1764175630188 12.49100319846569 0
1764175630283 12.693664220322312 0
1764175630378 12.171055647929707 0
1764175630472 12.33165453877251 0
1764175630568 12.194800286094749 0
1764175630668 11.48526520441414 0
1764175630760 12.814704372693276 0
1764175630859 12.452509322376077 0
1764175630967 11.104561700775728 0
1764175631075 11.434572216057948 0
1764175631175 12.118868409723285 0
1764175631272 12.46920531671686 0
1764175631374 11.791855381717482 0
1764175631484 11.335190865482062 0
1764175631592 10.664659665895396 0
1764175631693 12.23481916007666 0
1764175631803 11.334547596785265 0
1764175631908 11.306620659909424 0
1764175632009 11.974624999286256 0
1764175632101 12.547690632394868 0
1764175632194 12.397885950080992 0
1764175632286 12.636033886458673 0
1764175632380 12.144976299612281 0
1764175632472 12.522889789240171 0
1764175632558 13.615262011497798 0
1764175632658 12.403532118502222 0
1764175632754 12.125419906912203 0
1764175632847 12.529361508910915 0
1764175633058 5.075299940102733 0
