1764175628508 0.0 0
1764175628600 0.0 0
1764175628704 0.0 0
1764175628806 0.0 0
1764175628905 0.0 0
1764175629001 0.0 0
1764175629095 0.0 0
1764175629196 0.0 0
1764175629302 0.0 0
1764175629408 0.0 0
1764175629518 0.0 0
1764175629615 0.0 0
1764175629712 0.0 0
1764175629808 0.0 0
1764175629898 0.0 0
1764175629998 0.0 0
1764175630093 0.0 0
1764175630188 0.0 0
1764175630283 0.0 0
1764175630378 0.0 0
1764175630472 0.0 0
1764175630568 0.0 0
1764175630668 0.0 0
1764175630760 0.0 0
1764175630859 0.0 0
1764175630967 0.0 0
1764175631075 0.0 0
1764175631175 0.0 0
1764175631272 0.0 0
1764175631374 0.0 0
1764175631484 0.0 0
1764175631592 0.0 0
1764175631693 0.0 0
1764175631803 0.0 0
1764175631908 0.0 0
1764175632009 0.0 0
1764175632101 0.0 0
1764175632194 0.0 0
1764175632286 0.0 0
1764175632380 0.0 0
1764175632472 0.0 0
1764175632558 0.0 0
1764175632658 0.0 0
1764175632754 0.0 0
1764175632847 0.0 0
1764175633058 0.0 0
