1764175628508 0.10329246520996094 0
1764175628600 0.07719159126281738 0
1764175628704 0.08783721923828125 0
1764175628806 0.08438944816589355 0
1764175628905 0.08311247825622559 0
1764175629001 0.08013463020324707 0
1764175629095 0.07955789566040039 0
1764175629196 0.08875060081481934 0
1764175629302 0.08560609817504883 0
1764175629408 0.08202052116394043 0
1764175629518 0.08858704566955566 0
1764175629615 0.08314800262451172 0
1764175629712 0.08558392524719238 0
1764175629808 0.08116936683654785 0
1764175629898 0.0768120288848877 0
1764175629998 0.08147120475769043 0
1764175630093 0.08177852630615234 0
1764175630188 0.08005762100219727 0
1764175630283 0.07877945899963379 0
1764175630378 0.08216214179992676 0
1764175630472 0.08109211921691895 0
1764175630568 0.08200216293334961 0
1764175630668 0.08706808090209961 0
1764175630760 0.07803535461425781 0
1764175630859 0.08030509948730469 0
1764175630967 0.09005308151245117 0
1764175631075 0.08745408058166504 0
1764175631175 0.08251595497131348 0
1764175631272 0.08019757270812988 0
1764175631374 0.08480429649353027 0
1764175631484 0.08822083473205566 0
1764175631592 0.09376764297485352 0
1764175631693 0.08173394203186035 0
1764175631803 0.0882258415222168 0
1764175631908 0.08844375610351562 0
1764175632009 0.08350992202758789 0
1764175632101 0.0796959400177002 0
1764175632194 0.0806589126586914 0
1764175632286 0.07913875579833984 0
1764175632380 0.08233857154846191 0
1764175632472 0.07985377311706543 0
1764175632558 0.07344698905944824 0
1764175632658 0.08062219619750977 0
1764175632754 0.08247137069702148 0
1764175632847 0.07981252670288086 0
1764175633058 0.19703269004821777 0
