1764175582875 7.046952758260332 0
1764175582962 13.349195891775594 0
1764175583038 15.342170719573932 0
1764175583116 15.275677959311516 0
1764175583189 15.7745834743691 0
1764175583274 13.558661041878809 0
1764175583357 12.672110989253355 0
1764175583462 10.619566538383634 0
1764175583553 13.3076464242655 0
1764175583636 13.854613080000131 0
1764175583718 14.069557750107343 0
1764175583800 13.84985520454628 0
1764175583878 14.883921632641474 0
1764175583951 15.85934079230458 0
1764175584028 14.808774463247314 0
1764175584111 13.667926692562371 0
1764175584188 14.634696441032798 0
1764175584273 14.653051100296603 0
1764175584343 15.445675229790243 0
1764175584413 16.73070464109775 0
1764175584496 12.766960502605562 0
1764175584571 14.961756469937754 0
1764175584650 14.832287769377118 0
1764175584727 14.526080285929009 0
1764175584798 15.410377185183007 0
1764175584869 16.28476471501786 0
1764175584954 14.538617787544975 0
1764175585028 15.310472713998905 0
1764175585103 15.871163044136344 0
1764175585178 14.806892437170585 0
1764175585254 15.109980726624277 0
1764175585328 14.229314877953625 0
1764175585407 14.31083026824891 0
1764175585488 14.313516317386215 0
1764175585564 15.204135341071389 0
1764175585644 13.142438162322728 0
1764175585718 15.114391143911439 0
1764175585793 15.900343838020827 0
1764175585872 14.369861793464482 0
1764175585947 14.28767445266912 0
1764175586023 14.156459049149122 0
1764175586098 15.175365155632099 0
1764175586173 15.398326645544758 0
1764175586251 14.576613772059693 0
1764175586317 16.65430721276976 0
1764175586408 14.25935596170583 0
1764175586487 15.277458458086558 0
1764175586563 15.43328549876734 0
1764175586641 14.291715222265383 0
1764175586713 16.293558023626666 0
1764175586792 14.36336613997959 0
1764175586868 15.254344299856706 0
1764175586939 16.598483529355896 0
1764175587025 14.83538304276624 0
1764175587097 14.323830339457688 0
1764175587178 14.223572659079503 0
1764175587254 15.11646111595655 0
1764175587319 17.877924026461162 0
1764175587397 15.921952404632748 0
1764175587468 16.736713154166917 0
1764175587548 14.648854615242227 0
1764175587623 15.307734699761678 0
1764175587697 14.378630392452623 0
1764175587773 15.36043126210819 0
1764175587850 14.779552558044477 0
1764175587922 16.242575388511746 0
1764175588002 13.37729596637101 0
1764175588077 14.302924487123526 0
1764175588148 16.324250691803826 0
1764175588223 15.541942416719161 0
1764175588300 14.525275402671431 0
1764175588372 15.460478008935022 0
1764175588450 14.607784681396451 0
1764175588518 16.568191693593622 0
1764175588600 14.988007604236646 0
1764175588675 14.886615794143744 0
1764175588751 14.63066356447455 0
1764175588822 15.501790670771596 0
1764175588902 15.065260102942075 0
1764175588967 16.67960694018603 0
1764175589053 14.306095510312671 0
1764175589128 14.726984171570624 0
1764175589203 14.61898587700587 0
1764175589278 14.235593191576017 0
1764175589358 14.210176106680398 0
1764175589436 14.651208444967637 0
1764175589508 15.318636689018422 0
1764175589588 14.252572345081623 0
1764175589663 15.76083149833535 0
1764175589738 14.631888507090405 0
1764175589818 14.291276956049161 0
1764175589898 14.332248981711817 0
1764175589977 14.316349970816423 0
1764175590055 14.754544942871616 0
1764175590127 16.354867891568144 0
1764175590206 14.704834293367178 0
1764175590277 15.430333085622209 0
1764175590358 14.231535801899437 0
1764175590432 15.585776872740245 0
1764175590510 14.594162758006375 0
1764175590587 14.336658030202559 0
1764175590658 16.6292159777976 0
1764175590737 14.552489599922282 0
1764175590808 16.823379352944478 0
1764175590891 13.894220767605027 0
1764175590963 15.422843569133015 0
1764175591038 14.575600669998124 0
1764175591113 15.855383975655394 0
1764175591190 13.882310108462168 0
1764175591269 13.883780589935155 0
1764175591343 15.302373264743975 0
1764175591427 14.086615997931156 0
1764175591498 16.74573402004232 0
1764175591578 14.647371067776723 0
1764175591654 15.150916610977658 0
1764175591718 16.719300343609735 0
1764175591798 14.314004798290908 0
1764175591873 15.41094340177246 0
1764175591948 14.69242032549374 0
1764175592018 16.666682561253765 0
1764175592092 15.359306281332508 0
1764175592173 14.239072795972339 0
1764175592242 15.478850057201905 0
1764175592318 15.747576460693985 0
1764175592388 16.72590093592857 0
1764175592462 16.00818289378268 0
1764175592539 14.062151950085326 0
1764175592611 16.438130249219107 0
1764175592688 15.414398224201864 0
1764175592758 16.701790713139463 0
1764175592836 14.649212757931796 0
1764175592913 15.025538698525855 0
1764175592988 15.378171472149708 0
1764175593063 14.277509616366546 0
1764175593137 14.79284464759325 0
1764175593218 14.264108336790843 0
1764175593289 16.1926609400637 0
1764175593371 14.67335094194406 0
1764175593448 14.274399831197206 0
1764175593518 15.401775812812584 0
1764175593598 14.291520433961878 0
1764175593668 16.69919734998089 0
1764175593743 15.715007231226911 0
1764175593818 14.23641461146298 0
1764175593897 14.32255861442533 0
1764175593973 15.372197177936595 0
1764175594048 14.110358284272499 0
1764175594117 16.66635143028574 0
1764175594193 15.294672778257905 0
1764175594268 15.330618809167001 0
1764175594348 14.588579020959562 0
1764175594418 16.732373239717557 0
1764175594503 13.336928595049732 0
1764175594581 13.598928764804866 0
1764175594657 14.35908812362847 0
1764175594728 16.66946458094875 0
1764175594809 14.010341648517564 0
1764175594877 16.713304324264016 0
1764175594958 14.13146634501998 0
1764175595038 14.300437437563716 0
1764175595111 16.529537411427174 0
1764175595188 14.25877425583704 0
1764175595260 15.912106588970834 0
1764175595339 14.20796184385247 0
1764175595412 15.39470950739766 0
1764175595488 15.346661592951438 0
1764175595562 14.142854734343336 0
1764175595642 13.632254814333306 0
1764175595718 14.241538545118704 0
1764175595798 14.28164189522788 0
1764175595878 14.483393992969468 0
1764175595957 14.2659519468858 0
1764175596040 13.814548029576931 0
1764175596113 15.382965535705772 0
1764175596188 14.750860756199378 0
1764175596261 16.000732455404147 0
1764175596376 10.373056738535809 0
1764175596451 15.365495715630713 0
1764175596523 16.010688287545474 0
1764175596598 15.706768325107289 0
1764175596678 14.213546961625527 0
1764175596758 14.345189887271534 0
1764175596830 15.976840212704362 0
1764175596903 16.805247152249954 0
1764175596986 12.772442270857251 0
1764175597062 13.430325231107169 0
1764175597138 15.134133404536303 0
1764175597218 14.463715739961653 0
1764175597293 15.39617876479765 0
1764175597368 15.455350760183062 0
1764175597450 13.71525736315984 0
1764175597528 15.292609472417691 0
1764175597608 14.302485533167154 0
1764175597687 14.333914303485138 0
1764175597763 15.333477127575959 0
1764175597847 12.884182847523645 0
1764175597923 15.012416380029277 0
1764175598000 13.77136721969222 0
1764175598078 15.378622550745042 0
1764175598158 14.177992914897645 0
1764175598228 16.677153081510934 0
1764175598308 15.117932230147888 0
1764175598378 16.744731221430424 0
1764175598463 13.24678802885405 0
1764175598538 14.48839699613809 0
1764175598618 14.292056114573501 0
1764175598698 14.300339923832514 0
1764175598772 15.412075959785996 0
1764175598853 13.300599022663922 0
1764175598928 15.548222315308736 0
1764175599008 14.27741241507019 0
1764175599084 15.199617319205068 0
1764175599163 14.26862117413328 0
1764175599237 14.355844431438184 0
1764175599313 15.15261340154044 0
1764175599387 15.443684712449418 0
1764175599468 14.2705630577756 0
1764175599548 14.250199603850062 0
1764175599623 15.382965535705772 0
1764175599703 15.3338695289765 0
1764175599778 15.281354746567956 0
1764175599857 14.592537957331922 0
1764175599938 14.24211884550085 0
1764175600013 15.318860482103725 0
1764175600089 14.018770555362442 0
1764175600168 14.225791790746104 0
1764175600245 14.85577062709193 0
1764175600320 13.752132016144634 0
1764175600397 15.401945483855568 0
1764175600478 14.097268810120797 0
1764175600557 14.279745611526467 0
1764175600633 15.344191287296779 0
1764175600715 13.679962948708749 0
1764175600798 13.34151027419047 0
1764175600873 15.433910192486726 0
1764175600956 13.616543843132163 0
1764175601028 15.97562313364617 0
1764175601108 15.152503919712723 0
1764175601183 15.37569101280115 0
1764175601268 12.420538302767914 0
1764175601345 15.472397752717802 0
1764175601423 15.344191287296779 0
1764175601502 14.856402064302236 0
1764175601578 14.294637684122991 0
1764175601659 14.495256724392359 0
1764175601732 15.536358147477284 0
1764175601808 14.20685497119205 0
1764175601883 15.662251630899524 0
1764175601963 15.306840866375929 0
1764175602035 16.055120883159038 0
1764175602112 15.141727706920141 0
1764175602177 16.662511272400792 0
1764175602268 14.297951252769728 0
1764175602343 15.34088007988091 0
1764175602418 14.251506934958853 0
1764175602493 15.324233478502324 0
1764175602573 14.199976978339325 0
1764175602652 13.56260691015505 0
1764175602728 14.545626051221584 0
1764175602802 15.404943622139788 0
1764175602878 15.360543769249643 0
1764175602950 16.039526114922484 0
1764175603029 13.940400300457998 0
1764175603101 15.638075992408961 0
1764175603175 14.957274649720597 0
1764175603252 13.832407172279147 0
1764175603332 14.321727223992106 0
1764175603407 15.227208039266939 0
1764175603487 14.343816259250646 0
1764175603563 15.313435342482759 0
1764175603641 13.57265731686007 0
1764175603718 15.097036602441122 0
1764175603788 17.291606716605582 0
1764175603878 12.684873009248339 0
1764175603958 14.302046606152777 0
1764175604033 15.369606003752345 0
1764175604111 14.346907292311586 0
1764175604193 13.299544664713418 0
1764175604273 14.20348728924047 0
1764175604347 15.473653531861832 0
1764175604428 14.283781896942184 0
1764175604508 15.162363624532762 0
1764175604588 14.272991155742641 0
1764175604673 14.290157064495247 0
1764175604750 14.857770362419721 0
1764175604828 14.278724744250965 0
1764175604899 16.292228929234547 0
1764175604988 14.341167862247236 0
1764175605063 15.421312518153842 0
1764175605148 12.650363739458795 0
1764175605229 14.032277922008404 0
1764175605308 14.273865473293743 0
1764175605383 13.367191882106981 0
1764175605459 14.123281859262303 0
1764175605538 14.274011203299732 0
1764175605610 16.08664835923477 0
1764175605693 15.085905016760902 0
1764175605768 14.338128315921894 0
1764175605848 14.243666544412296 0
1764175605922 15.496807755970678 0
1764175606006 14.553600488554704 0
1764175606083 13.3661695347355 0
1764175606163 13.76716339526029 0
1764175606233 15.526006211433035 0
1764175606313 14.90327784390712 0
1764175606392 14.344552098687743 0
1764175606474 14.325689420797726 0
1764175606550 15.219527771629286 0
1764175606629 13.878176048811639 0
1764175606708 14.882601321382698 0
1764175606789 14.583405190398041 0
1764175606866 14.856138958941374 0
1764175606945 14.66396296866041 0
1764175607023 14.25499432424533 0
1764175607098 15.30611470360693 0
1764175607179 14.161812472566432 0
1764175607264 13.409286072809 0
1764175607352 12.809029803114377 0
1764175607433 13.990433558596122 0
1764175607513 14.771432696946965 0
1764175607593 13.870557460754194 0
1764175607677 13.969837463362643 0
1764175607758 13.621850540742425 0
1764175607833 15.646418073026247 0
1764175607914 13.099504041375692 0
1764175607995 13.18893015153278 0
1764175608077 13.974631584909558 0
1764175608154 14.947786327009911 0
1764175608232 14.208924482025015 0
1764175608308 14.739715629151174 0
1764175608381 15.59394728036584 0
1764175608458 15.765689370019546 0
1764175608537 14.671503177895698 0
1764175608610 15.49818203316681 0
1764175608688 14.194738783618686 0
1764175608761 15.510160008579152 0
1764175608841 14.76202275030972 0
1764175608919 13.911133074853984 0
1764175609035 9.562696785990319 0
1764175609108 15.76195683626265 0
1764175609188 14.23950786612981 0
1764175609263 15.33757030124403 0
1764175609337 15.888839221450272 0
1764175609411 15.757160460433385 0
1764175609495 13.795600463109146 0
1764175609578 13.222817006197943 0
1764175609652 15.426700896699352 0
1764175609728 14.441852858033172 0
1764175609808 14.552843046091072 0
1764175609886 14.703854837126471 0
1764175609963 13.537873604028146 0
1764175610046 14.218365243803222 0
1764175610119 14.935490763029328 0
1764175610198 14.256302535289779 0
1764175610273 15.584850275148908 0
1764175610346 15.604970607932138 0
1764175610424 14.667193537670695 0
1764175610503 14.25087744929821 0
1764175610581 14.80177156670725 0
1764175610653 15.424431646845097 0
1764175610731 15.66722448003825 0
1764175610803 15.410377185183007 0
1764175610878 14.20887634701835 0
1764175610958 14.521252323959022 0
1764175611034 14.731122069091471 0
1764175611116 13.143550130830578 0
1764175611196 14.33705007690993 0
1764175611271 14.887936817818796 0
1764175611343 15.436182232379775 0
1764175611418 15.904504053572376 0
1764175611503 13.292421587052079 0
1764175611583 14.26653423856107 0
1764175611658 15.274620984511623 0
1764175611734 15.655820863209994 0
1764175611819 14.046893262735564 0
1764175611888 16.174302692822355 0
1764175611969 14.27260260454417 0
1764175612040 16.08547618225817 0
1764175612112 15.536358147477284 0
1764175612185 15.156227189616171 0
1764175612259 14.12656403140356 0
1764175612335 15.808353623144708 0
1764175612411 14.667142247679793 0
1764175612483 15.17294968401023 0
1764175612558 14.371289656093992 0
1764175612632 15.871823689458529 0
1764175612714 14.965439974881006 0
1764175612788 15.23633497164736 0
1764175612874 13.692601503661216 0
1764175612952 14.70230859290106 0
1764175613036 12.777695185406333 0
1764175613134 11.758467080640866 0
1764175613212 14.405792123755813 0
1764175613293 13.973840095417685 0
1764175613373 14.290400504250353 0
1764175613464 13.09447380826759 0
1764175613553 12.439656911012777 0
1764175613662 10.83197706700412 0
1764175613768 10.51467535723239 0
1764175613877 10.261243981680824 0
1764175613988 10.284164662209047 0
1764175614103 10.088767017847694 0
1764175614218 10.13143827493001 0
1764175614320 10.858674012266254 0
1764175614427 10.974394934456685 0
1764175614531 11.087184313062052 0
1764175614646 10.151988014067497 0
1764175614753 10.784462654369396 0
1764175614862 10.106610506836045 0
1764175614973 10.12679059054177 0
1764175615083 10.227689816700114 0
1764175615202 9.555006788711603 0
1764175615318 9.97093566431239 0
1764175615421 10.945955326828173 0
1764175615528 11.332801949727509 0
