1764175582875 2.0 0
1764175582962 1.0 0
1764175583038 1.0 0
1764175583116 0.0 0
1764175583189 0.0 0
1764175583274 1.0 0
1764175583357 0.0 0
1764175583462 0.0 0
1764175583553 1.0 0
1764175583636 1.0 0
1764175583718 0.0 0
1764175583800 0.0 0
1764175583878 0.0 0
1764175583951 0.0 0
1764175584028 0.0 0
1764175584111 0.0 0
1764175584188 0.0 0
1764175584273 0.0 0
1764175584343 0.0 0
1764175584413 0.0 0
1764175584496 0.0 0
1764175584571 0.0 0
1764175584650 0.0 0
1764175584727 0.0 0
1764175584798 0.0 0
1764175584869 0.0 0
1764175584954 0.0 0
1764175585028 0.0 0
1764175585103 0.0 0
1764175585178 0.0 0
1764175585254 0.0 0
1764175585328 0.0 0
1764175585407 0.0 0
1764175585488 0.0 0
1764175585564 0.0 0
1764175585644 0.0 0
1764175585718 0.0 0
1764175585793 0.0 0
1764175585872 0.0 0
1764175585947 0.0 0
1764175586023 0.0 0
1764175586098 0.0 0
1764175586173 0.0 0
1764175586251 0.0 0
1764175586317 0.0 0
1764175586408 0.0 0
1764175586487 0.0 0
1764175586563 0.0 0
1764175586641 0.0 0
1764175586713 0.0 0
1764175586792 0.0 0
1764175586868 0.0 0
1764175586939 0.0 0
1764175587025 0.0 0
1764175587097 0.0 0
1764175587178 0.0 0
1764175587254 0.0 0
1764175587319 0.0 0
1764175587397 0.0 0
1764175587468 0.0 0
1764175587548 1.0 0
1764175587623 0.0 0
1764175587697 1.0 0
1764175587773 1.0 0
1764175587850 1.0 0
1764175587922 1.0 0
1764175588002 1.0 0
1764175588077 1.0 0
1764175588148 1.0 0
1764175588223 1.0 0
1764175588300 0.0 0
1764175588372 0.0 0
1764175588450 0.0 0
1764175588518 0.0 0
1764175588600 0.0 0
1764175588675 0.0 0
1764175588751 0.0 0
1764175588822 0.0 0
1764175588902 0.0 0
1764175588967 1.0 0
1764175589053 1.0 0
1764175589128 1.0 0
1764175589203 1.0 0
1764175589278 1.0 0
1764175589358 1.0 0
1764175589436 1.0 0
1764175589508 2.0 0
1764175589588 1.0 0
1764175589663 1.0 0
1764175589738 1.0 0
1764175589818 1.0 0
1764175589898 1.0 0
1764175589977 1.0 0
1764175590055 1.0 0
1764175590127 1.0 0
1764175590206 1.0 0
1764175590277 1.0 0
1764175590358 1.0 0
1764175590432 1.0 0
1764175590510 1.0 0
1764175590587 1.0 0
1764175590658 0.0 0
1764175590737 0.0 0
1764175590808 0.0 0
1764175590891 0.0 0
1764175590963 0.0 0
1764175591038 0.0 0
1764175591113 0.0 0
1764175591190 0.0 0
1764175591269 0.0 0
1764175591343 0.0 0
1764175591427 0.0 0
1764175591498 0.0 0
1764175591578 0.0 0
1764175591654 0.0 0
1764175591718 0.0 0
1764175591798 0.0 0
1764175591873 0.0 0
1764175591948 0.0 0
1764175592018 1.0 0
1764175592092 1.0 0
1764175592173 3.0 0
1764175592242 2.0 0
1764175592318 3.0 0
1764175592388 1.0 0
1764175592462 3.0 0
1764175592539 3.0 0
1764175592611 2.0 0
1764175592688 2.0 0
1764175592758 2.0 0
1764175592836 2.0 0
1764175592913 2.0 0
1764175592988 3.0 0
1764175593063 2.0 0
1764175593137 3.0 0
1764175593218 2.0 0
1764175593289 4.0 0
1764175593371 3.0 0
1764175593448 4.0 0
1764175593518 4.0 0
1764175593598 4.0 0
1764175593668 2.0 0
1764175593743 2.0 0
1764175593818 2.0 0
1764175593897 2.0 0
1764175593973 2.0 0
1764175594048 2.0 0
1764175594117 0.0 0
1764175594193 0.0 0
1764175594268 0.0 0
1764175594348 1.0 0
1764175594418 2.0 0
1764175594503 1.0 0
1764175594581 1.0 0
1764175594657 1.0 0
1764175594728 1.0 0
1764175594809 1.0 0
1764175594877 1.0 0
1764175594958 1.0 0
1764175595038 1.0 0
1764175595111 2.0 0
1764175595188 2.0 0
1764175595260 1.0 0
1764175595339 1.0 0
1764175595412 4.0 0
1764175595488 1.0 0
1764175595562 1.0 0
1764175595642 1.0 0
1764175595718 1.0 0
1764175595798 1.0 0
1764175595878 1.0 0
1764175595957 1.0 0
1764175596040 1.0 0
1764175596113 1.0 0
1764175596188 0.0 0
1764175596261 0.0 0
1764175596376 0.0 0
1764175596451 0.0 0
1764175596523 0.0 0
1764175596598 0.0 0
1764175596678 0.0 0
1764175596758 1.0 0
1764175596830 1.0 0
1764175596903 1.0 0
1764175596986 0.0 0
1764175597062 1.0 0
1764175597138 1.0 0
1764175597218 1.0 0
1764175597293 1.0 0
1764175597368 0.0 0
1764175597450 0.0 0
1764175597528 2.0 0
1764175597608 1.0 0
1764175597687 2.0 0
1764175597763 1.0 0
1764175597847 1.0 0
1764175597923 1.0 0
1764175598000 2.0 0
1764175598078 0.0 0
1764175598158 0.0 0
1764175598228 0.0 0
1764175598308 0.0 0
1764175598378 0.0 0
1764175598463 0.0 0
1764175598538 0.0 0
1764175598618 0.0 0
1764175598698 0.0 0
1764175598772 0.0 0
1764175598853 0.0 0
1764175598928 0.0 0
1764175599008 0.0 0
1764175599084 1.0 0
1764175599163 1.0 0
1764175599237 0.0 0
1764175599313 0.0 0
1764175599387 1.0 0
1764175599468 0.0 0
1764175599548 0.0 0
1764175599623 0.0 0
1764175599703 0.0 0
1764175599778 0.0 0
1764175599857 0.0 0
1764175599938 0.0 0
1764175600013 0.0 0
1764175600089 0.0 0
1764175600168 1.0 0
1764175600245 1.0 0
1764175600320 0.0 0
1764175600397 1.0 0
1764175600478 0.0 0
1764175600557 1.0 0
1764175600633 0.0 0
1764175600715 1.0 0
1764175600798 1.0 0
1764175600873 1.0 0
1764175600956 0.0 0
1764175601028 1.0 0
1764175601108 1.0 0
1764175601183 1.0 0
1764175601268 0.0 0
1764175601345 2.0 0
1764175601423 0.0 0
1764175601502 0.0 0
1764175601578 0.0 0
1764175601659 0.0 0
1764175601732 0.0 0
1764175601808 0.0 0
1764175601883 0.0 0
1764175601963 0.0 0
1764175602035 0.0 0
1764175602112 0.0 0
1764175602177 0.0 0
1764175602268 0.0 0
1764175602343 0.0 0
1764175602418 0.0 0
1764175602493 0.0 0
1764175602573 0.0 0
1764175602652 0.0 0
1764175602728 0.0 0
1764175602802 0.0 0
1764175602878 0.0 0
1764175602950 0.0 0
1764175603029 0.0 0
1764175603101 1.0 0
1764175603175 2.0 0
1764175603252 1.0 0
1764175603332 2.0 0
1764175603407 2.0 0
1764175603487 2.0 0
1764175603563 3.0 0
1764175603641 3.0 0
1764175603718 2.0 0
1764175603788 3.0 0
1764175603878 3.0 0
1764175603958 2.0 0
1764175604033 2.0 0
1764175604111 3.0 0
1764175604193 2.0 0
1764175604273 2.0 0
1764175604347 3.0 0
1764175604428 3.0 0
1764175604508 3.0 0
1764175604588 3.0 0
1764175604673 3.0 0
1764175604750 3.0 0
1764175604828 3.0 0
1764175604899 3.0 0
1764175604988 3.0 0
1764175605063 3.0 0
1764175605148 4.0 0
1764175605229 3.0 0
1764175605308 3.0 0
1764175605383 4.0 0
1764175605459 4.0 0
1764175605538 3.0 0
1764175605610 3.0 0
1764175605693 4.0 0
1764175605768 3.0 0
1764175605848 4.0 0
1764175605922 3.0 0
1764175606006 4.0 0
1764175606083 3.0 0
1764175606163 4.0 0
1764175606233 3.0 0
1764175606313 4.0 0
1764175606392 3.0 0
1764175606474 3.0 0
1764175606550 2.0 0
1764175606629 2.0 0
1764175606708 3.0 0
1764175606789 3.0 0
1764175606866 3.0 0
1764175606945 3.0 0
1764175607023 3.0 0
1764175607098 3.0 0
1764175607179 3.0 0
1764175607264 2.0 0
1764175607352 2.0 0
1764175607433 2.0 0
1764175607513 2.0 0
1764175607593 2.0 0
1764175607677 2.0 0
1764175607758 2.0 0
1764175607833 2.0 0
1764175607914 2.0 0
1764175607995 2.0 0
1764175608077 2.0 0
1764175608154 2.0 0
1764175608232 2.0 0
1764175608308 2.0 0
1764175608381 1.0 0
1764175608458 0.0 0
1764175608537 1.0 0
1764175608610 1.0 0
1764175608688 1.0 0
1764175608761 0.0 0
1764175608841 0.0 0
1764175608919 0.0 0
1764175609035 0.0 0
1764175609108 0.0 0
1764175609188 0.0 0
1764175609263 0.0 0
1764175609337 0.0 0
1764175609411 0.0 0
1764175609495 0.0 0
1764175609578 0.0 0
1764175609652 0.0 0
1764175609728 0.0 0
1764175609808 0.0 0
1764175609886 0.0 0
1764175609963 0.0 0
1764175610046 0.0 0
1764175610119 0.0 0
1764175610198 0.0 0
1764175610273 0.0 0
1764175610346 0.0 0
1764175610424 0.0 0
1764175610503 0.0 0
1764175610581 0.0 0
1764175610653 0.0 0
1764175610731 0.0 0
1764175610803 0.0 0
1764175610878 0.0 0
1764175610958 0.0 0
1764175611034 0.0 0
1764175611116 0.0 0
1764175611196 0.0 0
1764175611271 0.0 0
1764175611343 0.0 0
1764175611418 0.0 0
1764175611503 0.0 0
1764175611583 0.0 0
1764175611658 0.0 0
1764175611734 0.0 0
1764175611819 0.0 0
1764175611888 0.0 0
1764175611969 0.0 0
1764175612040 0.0 0
1764175612112 0.0 0
1764175612185 0.0 0
1764175612259 0.0 0
1764175612335 0.0 0
1764175612411 0.0 0
1764175612483 0.0 0
1764175612558 0.0 0
1764175612632 0.0 0
1764175612714 0.0 0
1764175612788 0.0 0
1764175612874 0.0 0
1764175612952 0.0 0
1764175613036 0.0 0
1764175613134 0.0 0
1764175613212 0.0 0
1764175613293 0.0 0
1764175613373 0.0 0
1764175613464 0.0 0
1764175613553 0.0 0
1764175613662 1.0 0
1764175613768 1.0 0
1764175613877 1.0 0
1764175613988 1.0 0
1764175614103 1.0 0
1764175614218 1.0 0
1764175614320 0.0 0
1764175614427 0.0 0
1764175614531 0.0 0
1764175614646 1.0 0
1764175614753 2.0 0
1764175614862 1.0 0
1764175614973 2.0 0
1764175615083 2.0 0
1764175615202 2.0 0
1764175615318 2.0 0
1764175615421 2.0 0
1764175615528 1.0 0
