1764175582875 0.1419053077697754 0
1764175582962 0.07491087913513184 0
1764175583038 0.06517982482910156 0
1764175583116 0.06546354293823242 0
1764175583189 0.06339311599731445 0
1764175583274 0.07375359535217285 0
1764175583357 0.07891345024108887 0
1764175583462 0.09416580200195312 0
1764175583553 0.07514476776123047 0
1764175583636 0.07217812538146973 0
1764175583718 0.071075439453125 0
1764175583800 0.07220292091369629 0
1764175583878 0.06718659400939941 0
1764175583951 0.06305432319641113 0
1764175584028 0.06752753257751465 0
1764175584111 0.07316398620605469 0
1764175584188 0.06833076477050781 0
1764175584273 0.06824517250061035 0
1764175584343 0.0647430419921875 0
1764175584413 0.05977034568786621 0
1764175584496 0.07832717895507812 0
1764175584571 0.06683707237243652 0
1764175584650 0.06742048263549805 0
1764175584727 0.06884169578552246 0
1764175584798 0.06489133834838867 0
1764175584869 0.06140708923339844 0
1764175584954 0.06878232955932617 0
1764175585028 0.06531476974487305 0
1764175585103 0.06300735473632812 0
1764175585178 0.0675361156463623 0
1764175585254 0.06618142127990723 0
1764175585328 0.07027745246887207 0
1764175585407 0.06987714767456055 0
1764175585488 0.06986403465270996 0
1764175585564 0.06577157974243164 0
1764175585644 0.07608938217163086 0
1764175585718 0.066162109375 0
1764175585793 0.06289172172546387 0
1764175585872 0.06959009170532227 0
1764175585947 0.06999039649963379 0
1764175586023 0.07063913345336914 0
1764175586098 0.06589627265930176 0
1764175586173 0.0649421215057373 0
1764175586251 0.0686030387878418 0
1764175586317 0.06004452705383301 0
1764175586408 0.07012939453125 0
1764175586487 0.06545591354370117 0
1764175586563 0.06479501724243164 0
1764175586641 0.06997060775756836 0
1764175586713 0.06137394905090332 0
1764175586792 0.06962156295776367 0
1764175586868 0.06555509567260742 0
1764175586939 0.06024646759033203 0
1764175587025 0.06740641593933105 0
1764175587097 0.06981372833251953 0
1764175587178 0.07030582427978516 0
1764175587254 0.06615304946899414 0
1764175587319 0.055934906005859375 0
1764175587397 0.06280636787414551 0
1764175587468 0.05974888801574707 0
1764175587548 0.06826472282409668 0
1764175587623 0.06532645225524902 0
1764175587697 0.06954765319824219 0
1764175587773 0.06510233879089355 0
1764175587850 0.06766104698181152 0
1764175587922 0.06156659126281738 0
1764175588002 0.0747535228729248 0
1764175588077 0.069915771484375 0
1764175588148 0.061258554458618164 0
1764175588223 0.06434202194213867 0
1764175588300 0.06884551048278809 0
1764175588372 0.0646810531616211 0
1764175588450 0.06845664978027344 0
1764175588518 0.06035661697387695 0
1764175588600 0.06672000885009766 0
1764175588675 0.06717443466186523 0
1764175588751 0.06834959983825684 0
1764175588822 0.06450867652893066 0
1764175588902 0.06637787818908691 0
1764175588967 0.05995345115661621 0
1764175589053 0.0699002742767334 0
1764175589128 0.0679025650024414 0
1764175589203 0.0684041976928711 0
1764175589278 0.07024645805358887 0
1764175589358 0.07037210464477539 0
1764175589436 0.06825375556945801 0
1764175589508 0.06527996063232422 0
1764175589588 0.07016277313232422 0
1764175589663 0.06344842910766602 0
1764175589738 0.0683438777923584 0
1764175589818 0.06997275352478027 0
1764175589898 0.06977272033691406 0
1764175589977 0.06985020637512207 0
1764175590055 0.06777572631835938 0
1764175590127 0.06114387512207031 0
1764175590206 0.06800484657287598 0
1764175590277 0.06480741500854492 0
1764175590358 0.0702664852142334 0
1764175590432 0.06416106224060059 0
1764175590510 0.06852054595947266 0
1764175590587 0.06975126266479492 0
1764175590658 0.0601351261138916 0
1764175590737 0.06871676445007324 0
1764175590808 0.05944108963012695 0
1764175590891 0.07197237014770508 0
1764175590963 0.06483888626098633 0
1764175591038 0.06860780715942383 0
1764175591113 0.06307005882263184 0
1764175591190 0.07203412055969238 0
1764175591269 0.07202649116516113 0
1764175591343 0.06534934043884277 0
1764175591427 0.07098937034606934 0
1764175591498 0.05971670150756836 0
1764175591578 0.06827163696289062 0
1764175591654 0.06600260734558105 0
1764175591718 0.05981111526489258 0
1764175591798 0.06986165046691895 0
1764175591873 0.06488895416259766 0
1764175591948 0.06806230545043945 0
1764175592018 0.059999942779541016 0
1764175592092 0.06510710716247559 0
1764175592173 0.07022929191589355 0
1764175592242 0.06460428237915039 0
1764175592318 0.06350183486938477 0
1764175592388 0.05978751182556152 0
1764175592462 0.06246805191040039 0
1764175592539 0.07111287117004395 0
1764175592611 0.06083416938781738 0
1764175592688 0.06487441062927246 0
1764175592758 0.05987381935119629 0
1764175592836 0.06826305389404297 0
1764175592913 0.06655335426330566 0
1764175592988 0.06502723693847656 0
1764175593063 0.07004022598266602 0
1764175593137 0.06760025024414062 0
1764175593218 0.07010602951049805 0
1764175593289 0.06175637245178223 0
1764175593371 0.06815075874328613 0
1764175593448 0.07005548477172852 0
1764175593518 0.06492757797241211 0
1764175593598 0.06997156143188477 0
1764175593668 0.05988311767578125 0
1764175593743 0.06363344192504883 0
1764175593818 0.07024240493774414 0
1764175593897 0.06981992721557617 0
1764175593973 0.06505250930786133 0
1764175594048 0.07086992263793945 0
1764175594117 0.06000113487243652 0
1764175594193 0.06538224220275879 0
1764175594268 0.06522893905639648 0
1764175594348 0.06854677200317383 0
1764175594418 0.05976438522338867 0
1764175594503 0.07497978210449219 0
1764175594581 0.07353520393371582 0
1764175594657 0.06964230537414551 0
1764175594728 0.05998992919921875 0
1764175594809 0.07137584686279297 0
1764175594877 0.05983257293701172 0
1764175594958 0.07076406478881836 0
1764175595038 0.06992793083190918 0
1764175595111 0.06049776077270508 0
1764175595188 0.07013225555419922 0
1764175595260 0.06284523010253906 0
1764175595339 0.07038307189941406 0
1764175595412 0.0649573802947998 0
1764175595488 0.06516075134277344 0
1764175595562 0.07070708274841309 0
1764175595642 0.07335543632507324 0
1764175595718 0.07021713256835938 0
1764175595798 0.07001996040344238 0
1764175595878 0.06904458999633789 0
1764175595957 0.07009696960449219 0
1764175596040 0.0723874568939209 0
1764175596113 0.06500697135925293 0
1764175596188 0.06779265403747559 0
1764175596261 0.06249713897705078 0
1764175596376 0.09640359878540039 0
1764175596451 0.06508088111877441 0
1764175596523 0.06245827674865723 0
1764175596598 0.06366682052612305 0
1764175596678 0.07035541534423828 0
1764175596758 0.06970977783203125 0
1764175596830 0.0625905990600586 0
1764175596903 0.05950522422790527 0
1764175596986 0.0782935619354248 0
1764175597062 0.07445836067199707 0
1764175597138 0.06607580184936523 0
1764175597218 0.0691385269165039 0
1764175597293 0.06495118141174316 0
1764175597368 0.06470251083374023 0
1764175597450 0.07291150093078613 0
1764175597528 0.06539106369018555 0
1764175597608 0.06991791725158691 0
1764175597687 0.06976461410522461 0
1764175597763 0.0652167797088623 0
1764175597847 0.07761454582214355 0
1764175597923 0.06661152839660645 0
1764175598000 0.07261443138122559 0
1764175598078 0.06502532958984375 0
1764175598158 0.07053184509277344 0
1764175598228 0.05996227264404297 0
1764175598308 0.0661466121673584 0
1764175598378 0.05972027778625488 0
1764175598463 0.07548999786376953 0
1764175598538 0.06902074813842773 0
1764175598618 0.06996893882751465 0
1764175598698 0.06992840766906738 0
1764175598772 0.06488418579101562 0
1764175598853 0.07518458366394043 0
1764175598928 0.0643160343170166 0
1764175599008 0.07004070281982422 0
1764175599084 0.06579113006591797 0
1764175599163 0.0700838565826416 0
1764175599237 0.06965804100036621 0
1764175599313 0.0659952163696289 0
1764175599387 0.06475138664245605 0
1764175599468 0.07007431983947754 0
1764175599548 0.0701744556427002 0
1764175599623 0.06500697135925293 0
1764175599703 0.0652151107788086 0
1764175599778 0.06543922424316406 0
1764175599857 0.0685281753540039 0
1764175599938 0.07021427154541016 0
1764175600013 0.06527900695800781 0
1764175600089 0.07133293151855469 0
1764175600168 0.07029485702514648 0
1764175600245 0.06731390953063965 0
1764175600320 0.07271599769592285 0
1764175600397 0.0649268627166748 0
1764175600478 0.07093572616577148 0
1764175600557 0.07002925872802734 0
1764175600633 0.0651712417602539 0
1764175600715 0.07309961318969727 0
1764175600798 0.07495403289794922 0
1764175600873 0.06479239463806152 0
1764175600956 0.0734400749206543 0
1764175601028 0.06259536743164062 0
1764175601108 0.06599569320678711 0
1764175601183 0.06503772735595703 0
1764175601268 0.08051180839538574 0
1764175601345 0.06463122367858887 0
1764175601423 0.0651712417602539 0
1764175601502 0.06731104850769043 0
1764175601578 0.06995630264282227 0
1764175601659 0.06898808479309082 0
1764175601732 0.06436514854431152 0
1764175601808 0.0703885555267334 0
1764175601883 0.06384778022766113 0
1764175601963 0.06533026695251465 0
1764175602035 0.062285423278808594 0
1764175602112 0.06604266166687012 0
1764175602177 0.060014963150024414 0
1764175602268 0.06994009017944336 0
1764175602343 0.0651853084564209 0
1764175602418 0.07016801834106445 0
1764175602493 0.06525611877441406 0
1764175602573 0.07042264938354492 0
1764175602652 0.07373213768005371 0
1764175602728 0.06874918937683105 0
1764175602802 0.06491422653198242 0
1764175602878 0.06510186195373535 0
1764175602950 0.06234598159790039 0
1764175603029 0.07173395156860352 0
1764175603101 0.06394648551940918 0
1764175603175 0.06685709953308105 0
1764175603252 0.07229399681091309 0
1764175603332 0.0698239803314209 0
1764175603407 0.06567192077636719 0
1764175603487 0.0697164535522461 0
1764175603563 0.06530213356018066 0
1764175603641 0.07367753982543945 0
1764175603718 0.0662381649017334 0
1764175603788 0.057831525802612305 0
1764175603878 0.07883405685424805 0
1764175603958 0.06992006301879883 0
1764175604033 0.0650634765625 0
1764175604111 0.0697014331817627 0
1764175604193 0.07519054412841797 0
1764175604273 0.07040524482727051 0
1764175604347 0.06462597846984863 0
1764175604428 0.07000946998596191 0
1764175604508 0.06595277786254883 0
1764175604588 0.07006239891052246 0
1764175604673 0.06997823715209961 0
1764175604750 0.06730484962463379 0
1764175604828 0.07003426551818848 0
1764175604899 0.06137895584106445 0
1764175604988 0.06972932815551758 0
1764175605063 0.06484532356262207 0
1764175605148 0.07904911041259766 0
1764175605229 0.07126426696777344 0
1764175605308 0.07005810737609863 0
1764175605383 0.07481002807617188 0
1764175605459 0.07080507278442383 0
1764175605538 0.07005739212036133 0
1764175605610 0.062163352966308594 0
1764175605693 0.06628704071044922 0
1764175605768 0.06974411010742188 0
1764175605848 0.0702066421508789 0
1764175605922 0.0645294189453125 0
1764175606006 0.06871151924133301 0
1764175606083 0.07481575012207031 0
1764175606163 0.07263660430908203 0
1764175606233 0.0644080638885498 0
1764175606313 0.06709933280944824 0
1764175606392 0.06971287727355957 0
1764175606474 0.06980466842651367 0
1764175606550 0.0657050609588623 0
1764175606629 0.07205557823181152 0
1764175606708 0.06719255447387695 0
1764175606789 0.06857109069824219 0
1764175606866 0.06731224060058594 0
1764175606945 0.06819438934326172 0
1764175607023 0.07015085220336914 0
1764175607098 0.06533336639404297 0
1764175607179 0.07061243057250977 0
1764175607264 0.07457518577575684 0
1764175607352 0.07806992530822754 0
1764175607433 0.07147741317749023 0
1764175607513 0.06769824028015137 0
1764175607593 0.07209515571594238 0
1764175607677 0.07158279418945312 0
1764175607758 0.07341146469116211 0
1764175607833 0.06391239166259766 0
1764175607914 0.0763387680053711 0
1764175607995 0.0758211612701416 0
1764175608077 0.07155823707580566 0
1764175608154 0.06689953804016113 0
1764175608232 0.07037830352783203 0
1764175608308 0.06784391403198242 0
1764175608381 0.06412744522094727 0
1764175608458 0.06342887878417969 0
1764175608537 0.06815934181213379 0
1764175608610 0.06452369689941406 0
1764175608688 0.07044863700866699 0
1764175608761 0.06447386741638184 0
1764175608841 0.06774139404296875 0
1764175608919 0.0718848705291748 0
1764175609035 0.10457301139831543 0
1764175609108 0.06344389915466309 0
1764175609188 0.07022714614868164 0
1764175609263 0.06519937515258789 0
1764175609337 0.06293725967407227 0
1764175609411 0.06346321105957031 0
1764175609495 0.07248687744140625 0
1764175609578 0.07562685012817383 0
1764175609652 0.06482267379760742 0
1764175609728 0.06924319267272949 0
1764175609808 0.06871509552001953 0
1764175609886 0.0680093765258789 0
1764175609963 0.0738668441772461 0
1764175610046 0.07033157348632812 0
1764175610119 0.0669546127319336 0
1764175610198 0.0701444149017334 0
1764175610273 0.06416487693786621 0
1764175610346 0.06408214569091797 0
1764175610424 0.06817936897277832 0
1764175610503 0.07017111778259277 0
1764175610581 0.06755948066711426 0
1764175610653 0.06483221054077148 0
1764175610731 0.0638275146484375 0
1764175610803 0.06489133834838867 0
1764175610878 0.07037854194641113 0
1764175610958 0.06886458396911621 0
1764175611034 0.06788349151611328 0
1764175611116 0.07608294486999512 0
1764175611196 0.06974935531616211 0
1764175611271 0.0671684741973877 0
1764175611343 0.06478285789489746 0
1764175611418 0.06287527084350586 0
1764175611503 0.07523083686828613 0
1764175611583 0.07009410858154297 0
1764175611658 0.06546807289123535 0
1764175611734 0.0638740062713623 0
1764175611819 0.07119011878967285 0
1764175611888 0.061826467514038086 0
1764175611969 0.07006430625915527 0
1764175612040 0.06216788291931152 0
1764175612112 0.06436514854431152 0
1764175612185 0.0659794807434082 0
1764175612259 0.07078862190246582 0
1764175612335 0.06325769424438477 0
1764175612411 0.06817960739135742 0
1764175612483 0.06590676307678223 0
1764175612558 0.06958317756652832 0
1764175612632 0.06300473213195801 0
1764175612714 0.06682062149047852 0
1764175612788 0.06563258171081543 0
1764175612874 0.07303214073181152 0
1764175612952 0.06801652908325195 0
1764175613036 0.0782613754272461 0
1764175613134 0.08504509925842285 0
1764175613212 0.06941652297973633 0
1764175613293 0.07156229019165039 0
1764175613373 0.0699770450592041 0
1764175613464 0.07636809349060059 0
1764175613553 0.08038806915283203 0
1764175613662 0.09231925010681152 0
1764175613768 0.09510517120361328 0
1764175613877 0.09745407104492188 0
1764175613988 0.09723687171936035 0
1764175614103 0.0991201400756836 0
1764175614218 0.09870266914367676 0
1764175614320 0.09209227561950684 0
1764175614427 0.09112119674682617 0
1764175614531 0.0901942253112793 0
1764175614646 0.09850287437438965 0
1764175614753 0.09272599220275879 0
1764175614862 0.09894514083862305 0
1764175614973 0.09874796867370605 0
1764175615083 0.09777379035949707 0
1764175615202 0.10465717315673828 0
1764175615318 0.10029149055480957 0
1764175615421 0.09135794639587402 0
1764175615528 0.08823943138122559 0
